1	60 
2	51 
3	13 
4	40 
5	41 
6	60 
7	50 
8	98 
9	4 
10	12 
11	91 
12	86 
13	58 
14	95 
15	22 
16	74 
17	34 
18	65 
19	31 
20	43 
21	35 
22	54 
23	63 
24	73 
25	64 
26	88 
27	30 
28	16 
29	100 
30	5 
31	5 
32	86 
33	93 
34	21 
35	18 
36	50 
37	70 
38	26 
39	27 
40	75 
41	54 
42	83 
43	54 
44	35 
45	4 
46	50 
47	71 
48	90 
49	15 
50	13 
51	15 
52	13 
53	62 
54	35 
55	59 
56	20 
57	21 
58	68 
59	29 
60	18 
61	74 
62	53 
63	16 
64	22 
65	27 
66	11 
67	39 
68	10 
69	87 
70	90 
71	100 
72	21 
73	44 
74	62 
75	74 
76	70 
77	91 
78	46 
79	24 
80	77 
81	58 
82	44 
83	11 
84	34 
85	5 
86	16 
87	53 
88	10 
89	95 
90	35 
91	18 
92	16 
93	100 
94	43 
95	62 
96	90 
97	22 
98	60 
99	51 
100	17 
101	35 
102	81 
103	92 
104	48 
105	58 
106	49 
107	95 
108	58 
109	65 
110	13 
111	4 
112	28 
113	6 
114	56 
115	96 
116	35 
117	35 
118	84 
119	91 
120	25 
121	43 
122	95 
123	34 
124	75 
125	20 
126	63 
127	73 
128	35 
129	59 
130	91 
131	43 
132	58 
133	68 
134	87 
135	10 
136	90 
137	94 
138	6 
139	94 
140	84 
141	46 
142	96 
143	7 
144	60 
145	76 
146	55 
147	23 
148	90 
149	35 
150	22 
151	48 
152	97 
153	34 
154	43 
155	62 
156	41 
157	82 
158	7 
159	58 
160	65 
161	18 
162	55 
163	69 
164	46 
165	10 
166	81 
167	19 
168	36 
169	97 
170	72 
171	73 
172	50 
173	72 
174	17 
175	24 
176	85 
177	54 
178	18 
179	99 
180	22 
181	9 
182	37 
183	60 
184	9 
185	75 
186	76 
187	2 
188	22 
189	32 
190	24 
191	59 
192	69 
193	4 
194	18 
195	70 
196	50 
197	10 
198	29 
199	19 
200	18 
201	57 
202	29 
203	97 
204	74 
205	41 
206	96 
207	30 
208	80 
209	39 
210	3 
211	87 
212	79 
213	53 
214	86 
215	70 
216	87 
217	74 
218	71 
219	10 
220	50 
221	99 
222	43 
223	34 
224	91 
225	53 
226	88 
227	7 
228	77 
229	56 
230	86 
231	10 
232	94 
233	98 
234	88 
235	11 
236	54 
237	76 
238	6 
239	21 
240	43 
241	95 
242	92 
243	90 
244	44 
245	60 
246	73 
247	52 
248	7 
249	22 
250	56 
251	95 
252	17 
253	63 
254	22 
255	73 
256	75 
257	7 
258	37 
259	7 
260	14 
261	22 
262	43 
263	54 
264	96 
265	34 
266	26 
267	24 
268	75 
269	93 
270	10 
271	11 
272	90 
273	29 
274	98 
275	75 
276	65 
277	39 
278	91 
279	13 
280	60 
281	59 
282	97 
283	16 
284	2 
285	13 
286	5 
287	31 
288	2 
289	40 
290	10 
291	19 
292	9 
293	58 
294	44 
295	38 
296	35 
297	65 
298	54 
299	10 
300	76 
301	58 
302	60 
303	14 
304	34 
305	29 
306	88 
307	72 
308	2 
309	15 
310	32 
311	68 
312	88 
313	85 
314	68 
315	74 
316	76 
317	16 
318	53 
319	20 
320	36 
321	89 
322	58 
323	100 
324	44 
325	55 
326	93 
327	45 
328	67 
329	48 
330	7 
331	22 
332	99 
333	79 
334	66 
335	46 
336	54 
337	72 
338	99 
339	50 
340	44 
341	96 
342	46 
343	60 
344	29 
345	100 
346	71 
347	43 
348	94 
349	20 
350	95 
351	58 
352	46 
353	34 
354	91 
355	11 
356	91 
357	29 
358	57 
359	87 
360	29 
361	30 
362	97 
363	56 
364	36 
365	51 
366	23 
367	2 
368	10 
369	75 
370	44 
371	62 
372	44 
373	49 
374	46 
375	2 
376	63 
377	39 
378	99 
379	50 
380	26 
381	35 
382	62 
383	65 
384	17 
385	70 
386	43 
387	11 
388	54 
389	38 
390	77 
391	53 
392	88 
393	8 
394	16 
395	57 
396	86 
397	83 
398	14 
399	33 
400	65 
401	62 
402	86 
403	55 
404	51 
405	19 
406	51 
407	13 
408	46 
409	99 
410	39 
411	57 
412	85 
413	42 
414	35 
415	34 
416	46 
417	95 
418	39 
419	85 
420	62 
421	86 
422	57 
423	12 
424	54 
425	33 
426	60 
427	73 
428	58 
429	9 
430	18 
431	94 
432	66 
433	77 
434	73 
435	7 
436	47 
437	53 
438	81 
439	1 
440	66 
441	91 
442	13 
443	51 
444	55 
445	43 
446	78 
447	86 
448	11 
449	53 
450	51 
451	68 
452	50 
453	54 
454	41 
455	73 
456	76 
457	73 
458	96 
459	25 
460	36 
461	34 
462	65 
463	70 
464	98 
465	68 
466	21 
467	66 
468	15 
469	12 
470	71 
471	54 
472	66 
473	26 
474	97 
475	95 
476	40 
477	19 
478	71 
479	35 
480	32 
481	49 
482	53 
483	29 
484	42 
485	56 
486	56 
487	12 
488	61 
489	63 
490	6 
491	16 
492	53 
493	4 
494	83 
495	6 
496	45 
497	18 
498	82 
499	6 
500	85 
501	41 
502	27 
503	95 
504	87 
505	58 
506	56 
507	22 
508	34 
509	76 
510	95 
511	48 
512	80 
513	90 
514	16 
515	5 
516	2 
517	25 
518	61 
519	73 
520	50 
521	14 
522	48 
523	11 
524	73 
525	61 
526	28 
527	10 
528	3 
529	9 
530	4 
531	75 
532	33 
533	97 
534	2 
535	90 
536	71 
537	93 
538	53 
539	7 
540	95 
541	88 
542	74 
543	1 
544	24 
545	1 
546	60 
547	39 
548	68 
549	35 
550	57 
551	72 
552	71 
553	1 
554	17 
555	3 
556	50 
557	84 
558	11 
559	37 
560	49 
561	72 
562	5 
563	70 
564	99 
565	35 
566	43 
567	76 
568	11 
569	73 
570	78 
571	99 
572	67 
573	90 
574	2 
575	51 
576	50 
577	66 
578	91 
579	71 
580	87 
581	57 
582	95 
583	14 
584	7 
585	57 
586	39 
587	91 
588	43 
589	45 
590	68 
591	58 
592	98 
593	40 
594	9 
595	29 
596	38 
597	57 
598	17 
599	17 
600	81 
601	89 
602	86 
603	93 
604	79 
605	64 
606	85 
607	60 
608	58 
609	65 
610	41 
611	12 
612	22 
613	28 
614	44 
615	41 
616	15 
617	12 
618	9 
619	43 
620	12 
621	32 
622	33 
623	96 
624	35 
625	24 
626	65 
627	82 
628	85 
629	39 
630	34 
631	47 
632	24 
633	13 
634	70 
635	32 
636	83 
637	77 
638	34 
639	80 
640	54 
641	86 
642	63 
643	22 
644	11 
645	86 
646	73 
647	12 
648	50 
649	5 
650	98 
651	60 
652	69 
653	15 
654	50 
655	48 
656	60 
657	49 
658	47 
659	6 
660	31 
661	97 
662	39 
663	35 
664	74 
665	60 
666	58 
667	29 
668	38 
669	73 
670	50 
671	53 
672	46 
673	78 
674	60 
675	31 
676	2 
677	46 
678	98 
679	72 
680	21 
681	42 
682	67 
683	16 
684	88 
685	84 
686	93 
687	29 
688	81 
689	23 
690	27 
691	85 
692	88 
693	28 
694	68 
695	4 
696	5 
697	42 
698	76 
699	36 
700	56 
701	50 
702	73 
703	55 
704	56 
705	83 
706	41 
707	16 
708	7 
709	99 
710	20 
711	70 
712	77 
713	95 
714	3 
715	15 
716	57 
717	54 
718	21 
719	73 
720	4 
721	34 
722	90 
723	87 
724	99 
725	9 
726	44 
727	49 
728	82 
729	45 
730	88 
731	31 
732	66 
733	41 
734	75 
735	40 
736	33 
737	20 
738	86 
739	31 
740	66 
741	2 
742	48 
743	89 
744	11 
745	41 
746	30 
747	97 
748	2 
749	50 
750	91 
751	7 
752	39 
753	62 
754	54 
755	49 
756	2 
757	20 
758	66 
759	66 
760	79 
761	74 
762	91 
763	7 
764	10 
765	87 
766	38 
767	43 
768	43 
769	46 
770	86 
771	11 
772	35 
773	44 
774	79 
775	99 
776	62 
777	15 
778	15 
779	51 
780	16 
781	57 
782	39 
783	91 
784	66 
785	3 
786	7 
787	85 
788	92 
789	45 
790	22 
791	73 
792	78 
793	8 
794	48 
795	59 
796	79 
797	88 
798	70 
799	54 
800	88 
801	98 
802	39 
803	8 
804	41 
805	44 
806	35 
807	5 
808	87 
809	4 
810	5 
811	68 
812	26 
813	10 
814	7 
815	97 
816	43 
817	49 
818	57 
819	19 
820	87 
821	90 
822	19 
823	34 
824	21 
825	83 
826	56 
827	41 
828	10 
829	2 
830	47 
831	73 
832	87 
833	17 
834	19 
835	16 
836	35 
837	11 
838	71 
839	88 
840	88 
841	58 
842	46 
843	92 
844	100 
845	81 
846	24 
847	59 
848	83 
849	1 
850	32 
851	46 
852	46 
853	60 
854	86 
855	3 
856	99 
857	66 
858	34 
859	58 
860	68 
861	74 
862	80 
863	88 
864	9 
865	14 
866	10 
867	41 
868	44 
869	86 
870	6 
871	51 
872	40 
873	57 
874	42 
875	2 
876	52 
877	74 
878	6 
879	94 
880	68 
881	22 
882	78 
883	57 
884	80 
885	74 
886	73 
887	92 
888	44 
889	73 
890	19 
891	65 
892	44 
893	20 
894	75 
895	33 
896	3 
897	61 
898	67 
899	80 
900	35 
901	80 
902	85 
903	52 
904	10 
905	65 
906	76 
907	46 
908	90 
909	66 
910	21 
911	91 
912	53 
913	58 
914	88 
915	58 
916	49 
917	89 
918	68 
919	42 
920	19 
921	67 
922	41 
923	41 
924	27 
925	91 
926	18 
927	10 
928	93 
929	57 
930	7 
931	2 
932	19 
933	97 
934	14 
935	91 
936	48 
937	46 
938	22 
939	56 
940	21 
941	89 
942	38 
943	24 
944	97 
945	31 
946	37 
947	19 
948	47 
949	46 
950	46 
951	54 
952	11 
953	7 
954	61 
955	70 
956	35 
957	4 
958	23 
959	95 
960	26 
961	91 
962	22 
963	46 
964	12 
965	24 
966	61 
967	81 
968	49 
969	34 
970	12 
971	67 
972	11 
973	21 
974	43 
975	78 
976	7 
977	75 
978	11 
979	59 
980	58 
981	17 
982	12 
983	59 
984	89 
985	84 
986	57 
987	9 
988	50 
989	57 
990	82 
991	28 
992	12 
993	92 
994	62 
995	45 
996	84 
997	10 
998	44 
999	65 
1000	76 
1001	12 
1002	86 
1003	87 
1004	46 
1005	97 
1006	6 
1007	70 
1008	20 
1009	43 
1010	87 
1011	87 
1012	84 
1013	80 
1014	35 
1015	10 
1016	95 
1017	45 
1018	58 
1019	33 
1020	41 
1021	54 
1022	45 
1023	30 
1024	77 
1025	100 
1026	69 
1027	2 
1028	42 
1029	18 
1030	95 
1031	9 
1032	14 
1033	7 
1034	2 
1035	88 
1036	46 
1037	43 
1038	60 
1039	76 
1040	46 
1041	63 
1042	75 
1043	73 
1044	4 
1045	2 
1046	12 
1047	36 
1048	82 
1049	63 
1050	79 
1051	75 
1052	43 
1053	89 
1054	46 
1055	3 
1056	82 
1057	54 
1058	49 
1059	88 
1060	88 
1061	88 
1062	89 
1063	75 
1064	4 
1065	101 
1066	47 
1067	25 
1068	17 
1069	26 
1070	19 
1071	75 
1072	93 
1073	39 
1074	10 
1075	54 
1076	88 
1077	1 
1078	14 
1079	63 
1080	16 
1081	55 
1082	11 
1083	8 
1084	49 
1085	43 
1086	16 
1087	76 
1088	76 
1089	27 
1090	79 
1091	88 
1092	39 
1093	39 
1094	88 
1095	11 
1096	87 
1097	39 
1098	17 
1099	50 
1100	28 
1101	37 
1102	77 
1103	4 
1104	3 
1105	81 
1106	39 
1107	96 
1108	80 
1109	101 
1110	74 
1111	56 
1112	5 
1113	51 
1114	1 
1115	15 
1116	21 
1117	56 
1118	37 
1119	32 
1120	67 
1121	9 
1122	22 
1123	14 
1124	74 
1125	65 
1126	65 
1127	48 
1128	75 
1129	72 
1130	45 
1131	10 
1132	4 
1133	19 
1134	79 
1135	69 
1136	87 
1137	76 
1138	70 
1139	70 
1140	26 
1141	79 
1142	11 
1143	16 
1144	37 
1145	12 
1146	9 
1147	87 
1148	65 
1149	94 
1150	82 
1151	36 
1152	13 
1153	54 
1154	12 
1155	94 
1156	19 
1157	52 
1158	20 
1159	29 
1160	43 
1161	5 
1162	96 
1163	74 
1164	24 
1165	34 
1166	7 
1167	46 
1168	54 
1169	87 
1170	35 
1171	56 
1172	48 
1173	88 
1174	91 
1175	45 
1176	46 
1177	50 
1178	94 
1179	60 
1180	23 
1181	50 
1182	93 
1183	41 
1184	2 
1185	14 
1186	41 
1187	21 
1188	45 
1189	22 
1190	87 
1191	25 
1192	22 
1193	43 
1194	22 
1195	73 
1196	90 
1197	34 
1198	77 
1199	99 
1200	60 
1201	33 
1202	28 
1203	50 
1204	39 
1205	20 
1206	39 
1207	65 
1208	53 
1209	76 
1210	46 
1211	93 
1212	92 
1213	88 
1214	9 
1215	54 
1216	69 
1217	62 
1218	39 
1219	44 
1220	95 
1221	30 
1222	101 
1223	46 
1224	73 
1225	70 
1226	71 
1227	95 
1228	22 
1229	39 
1230	7 
1231	60 
1232	17 
1233	77 
1234	5 
1235	70 
1236	27 
1237	68 
1238	15 
1239	39 
1240	85 
1241	101 
1242	46 
1243	6 
1244	12 
1245	35 
1246	67 
1247	80 
1248	62 
1249	60 
1250	34 
1251	7 
1252	59 
1253	85 
1254	89 
1255	49 
1256	54 
1257	74 
1258	41 
1259	88 
1260	83 
1261	4 
1262	80 
1263	1 
1264	45 
1265	37 
1266	18 
1267	2 
1268	22 
1269	22 
1270	23 
1271	34 
1272	31 
1273	44 
1274	74 
1275	28 
1276	50 
1277	14 
1278	75 
1279	4 
1280	46 
1281	58 
1282	88 
1283	3 
1284	66 
1285	41 
1286	69 
1287	47 
1288	22 
1289	7 
1290	91 
1291	50 
1292	32 
1293	50 
1294	43 
1295	23 
1296	65 
1297	53 
1298	46 
1299	75 
1300	35 
1301	34 
1302	39 
1303	13 
1304	29 
1305	18 
1306	78 
1307	85 
1308	83 
1309	7 
1310	21 
1311	76 
1312	43 
1313	49 
1314	52 
1315	87 
1316	15 
1317	69 
1318	84 
1319	19 
1320	42 
1321	34 
1322	68 
1323	45 
1324	90 
1325	50 
1326	43 
1327	76 
1328	29 
1329	23 
1330	59 
1331	91 
1332	2 
1333	79 
1334	73 
1335	10 
1336	73 
1337	15 
1338	14 
1339	99 
1340	63 
1341	15 
1342	85 
1343	30 
1344	50 
1345	20 
1346	60 
1347	57 
1348	14 
1349	38 
1350	51 
1351	38 
1352	22 
1353	76 
1354	73 
1355	11 
1356	46 
1357	31 
1358	73 
1359	60 
1360	7 
1361	7 
1362	65 
1363	13 
1364	7 
1365	63 
1366	75 
1367	67 
1368	86 
1369	6 
1370	55 
1371	39 
1372	38 
1373	2 
1374	44 
1375	15 
1376	39 
1377	42 
1378	93 
1379	58 
1380	60 
1381	94 
1382	35 
1383	29 
1384	54 
1385	2 
1386	16 
1387	95 
1388	11 
1389	23 
1390	95 
1391	17 
1392	9 
1393	62 
1394	101 
1395	43 
1396	54 
1397	74 
1398	75 
1399	20 
1400	59 
1401	74 
1402	34 
1403	63 
1404	92 
1405	8 
1406	41 
1407	64 
1408	95 
1409	41 
1410	30 
1411	46 
1412	51 
1413	52 
1414	90 
1415	54 
1416	26 
1417	53 
1418	4 
1419	85 
1420	45 
1421	35 
1422	91 
1423	22 
1424	84 
1425	19 
1426	88 
1427	54 
1428	60 
1429	99 
1430	15 
1431	86 
1432	47 
1433	25 
1434	94 
1435	88 
1436	18 
1437	93 
1438	6 
1439	74 
1440	34 
1441	2 
1442	77 
1443	75 
1444	16 
1445	11 
1446	94 
1447	23 
1448	60 
1449	75 
1450	48 
1451	2 
1452	39 
1453	93 
1454	5 
1455	39 
1456	10 
1457	86 
1458	35 
1459	18 
1460	87 
1461	18 
1462	95 
1463	1 
1464	56 
1465	1 
1466	32 
1467	88 
1468	13 
1469	91 
1470	84 
1471	97 
1472	34 
1473	65 
1474	29 
1475	86 
1476	82 
1477	12 
1478	48 
1479	20 
1480	1 
1481	56 
1482	53 
1483	66 
1484	1 
1485	21 
1486	28 
1487	52 
1488	97 
1489	90 
1490	7 
1491	46 
1492	73 
1493	34 
1494	68 
1495	48 
1496	35 
1497	32 
1498	51 
1499	96 
1500	99 
1501	33 
1502	29 
1503	16 
1504	58 
1505	58 
1506	46 
1507	22 
1508	31 
1509	82 
1510	74 
1511	76 
1512	70 
1513	5 
1514	67 
1515	38 
1516	33 
1517	44 
1518	35 
1519	41 
1520	60 
1521	19 
1522	58 
1523	71 
1524	39 
1525	2 
1526	20 
1527	90 
1528	58 
1529	23 
1530	55 
1531	41 
1532	54 
1533	100 
1534	32 
1535	21 
1536	29 
1537	11 
1538	14 
1539	46 
1540	19 
1541	66 
1542	46 
1543	90 
1544	84 
1545	45 
1546	40 
1547	19 
1548	98 
1549	14 
1550	41 
1551	101 
1552	74 
1553	74 
1554	72 
1555	60 
1556	33 
1557	20 
1558	3 
1559	95 
1560	64 
1561	7 
1562	57 
1563	76 
1564	43 
1565	2 
1566	63 
1567	47 
1568	15 
1569	22 
1570	7 
1571	101 
1572	83 
1573	3 
1574	99 
1575	43 
1576	34 
1577	91 
1578	20 
1579	54 
1580	7 
1581	43 
1582	91 
1583	6 
1584	68 
1585	31 
1586	35 
1587	35 
1588	15 
1589	98 
1590	42 
1591	75 
1592	91 
1593	38 
1594	89 
1595	93 
1596	74 
1597	66 
1598	10 
1599	29 
1600	64 
1601	43 
1602	79 
1603	51 
1604	48 
1605	13 
1606	46 
1607	14 
1608	86 
1609	83 
1610	10 
1611	70 
1612	70 
1613	48 
1614	41 
1615	84 
1616	61 
1617	57 
1618	65 
1619	83 
1620	81 
1621	14 
1622	56 
1623	5 
1624	29 
1625	10 
1626	24 
1627	86 
1628	73 
1629	87 
1630	10 
1631	38 
1632	44 
1633	1 
1634	86 
1635	2 
1636	6 
1637	90 
1638	61 
1639	22 
1640	21 
1641	7 
1642	59 
1643	1 
1644	90 
1645	14 
1646	100 
1647	21 
1648	97 
1649	65 
1650	16 
1651	47 
1652	60 
1653	63 
1654	54 
1655	17 
1656	23 
1657	20 
1658	63 
1659	85 
1660	5 
1661	43 
1662	72 
1663	101 
1664	39 
1665	58 
1666	50 
1667	35 
1668	9 
1669	2 
1670	68 
1671	80 
1672	42 
1673	59 
1674	7 
1675	93 
1676	27 
1677	41 
1678	24 
1679	88 
1680	89 
1681	41 
1682	49 
1683	38 
1684	9 
1685	48 
1686	4 
1687	13 
1688	56 
1689	96 
1690	19 
1691	2 
1692	41 
1693	53 
1694	16 
1695	11 
1696	69 
1697	40 
1698	80 
1699	73 
1700	58 
1701	43 
1702	48 
1703	26 
1704	92 
1705	12 
1706	22 
1707	37 
1708	34 
1709	6 
1710	23 
1711	32 
1712	8 
1713	94 
1714	47 
1715	16 
1716	64 
1717	97 
1718	42 
1719	16 
1720	20 
1721	90 
1722	87 
1723	29 
1724	95 
1725	29 
1726	58 
1727	63 
1728	21 
1729	73 
1730	74 
1731	99 
1732	58 
1733	75 
1734	58 
1735	5 
1736	79 
1737	34 
1738	41 
1739	17 
1740	91 
1741	58 
1742	7 
1743	62 
1744	90 
1745	74 
1746	54 
1747	58 
1748	68 
1749	94 
1750	87 
1751	45 
1752	74 
1753	50 
1754	58 
1755	27 
1756	7 
1757	13 
1758	53 
1759	50 
1760	45 
1761	77 
1762	68 
1763	58 
1764	99 
1765	54 
1766	48 
1767	51 
1768	4 
1769	97 
1770	56 
1771	8 
1772	56 
1773	67 
1774	30 
1775	11 
1776	41 
1777	53 
1778	30 
1779	29 
1780	94 
1781	29 
1782	40 
1783	91 
1784	40 
1785	101 
1786	42 
1787	48 
1788	60 
1789	10 
1790	46 
1791	79 
1792	75 
1793	22 
1794	44 
1795	82 
1796	35 
1797	22 
1798	50 
1799	33 
1800	60 
1801	2 
1802	54 
1803	91 
1804	8 
1805	41 
1806	66 
1807	93 
1808	63 
1809	58 
1810	47 
1811	74 
1812	7 
1813	57 
1814	14 
1815	22 
1816	69 
1817	21 
1818	62 
1819	73 
1820	13 
1821	95 
1822	74 
1823	86 
1824	5 
1825	46 
1826	2 
1827	43 
1828	57 
1829	77 
1830	43 
1831	87 
1832	41 
1833	70 
1834	73 
1835	20 
1836	69 
1837	68 
1838	42 
1839	66 
1840	4 
1841	25 
1842	86 
1843	1 
1844	88 
1845	20 
1846	67 
1847	74 
1848	24 
1849	79 
1850	83 
1851	65 
1852	23 
1853	65 
1854	58 
1855	35 
1856	38 
1857	80 
1858	21 
1859	98 
1860	42 
1861	69 
1862	99 
1863	13 
1864	20 
1865	74 
1866	13 
1867	49 
1868	15 
1869	95 
1870	95 
1871	90 
1872	81 
1873	53 
1874	54 
1875	59 
1876	23 
1877	84 
1878	61 
1879	34 
1880	28 
1881	17 
1882	58 
1883	34 
1884	36 
1885	68 
1886	91 
1887	60 
1888	7 
1889	50 
1890	53 
1891	37 
1892	24 
1893	10 
1894	48 
1895	54 
1896	44 
1897	75 
1898	5 
1899	25 
1900	4 
1901	12 
1902	52 
1903	33 
1904	7 
1905	78 
1906	8 
1907	61 
1908	83 
1909	99 
1910	37 
1911	32 
1912	35 
1913	59 
1914	100 
1915	58 
1916	57 
1917	62 
1918	73 
1919	50 
1920	43 
1921	101 
1922	54 
1923	86 
1924	7 
1925	21 
1926	45 
1927	68 
1928	59 
1929	16 
1930	44 
1931	29 
1932	2 
1933	10 
1934	3 
1935	5 
1936	74 
1937	16 
1938	15 
1939	12 
1940	29 
1941	91 
1942	35 
1943	21 
1944	76 
1945	58 
1946	76 
1947	17 
1948	39 
1949	55 
1950	11 
1951	49 
1952	95 
1953	1 
1954	15 
1955	29 
1956	11 
1957	96 
1958	41 
1959	91 
1960	29 
1961	47 
1962	5 
1963	35 
1964	60 
1965	22 
1966	9 
1967	49 
1968	60 
1969	66 
1970	37 
1971	55 
1972	56 
1973	57 
1974	62 
1975	68 
1976	69 
1977	80 
1978	40 
1979	35 
1980	81 
1981	92 
1982	10 
1983	7 
1984	29 
1985	63 
1986	91 
1987	33 
1988	31 
1989	75 
1990	48 
1991	46 
1992	41 
1993	63 
1994	77 
1995	50 
1996	45 
1997	49 
1998	79 
1999	33 
2000	60 
2001	7 
2002	96 
2003	76 
2004	15 
2005	76 
2006	76 
2007	99 
2008	64 
2009	73 
2010	18 
2011	30 
2012	13 
2013	4 
2014	75 
2015	41 
2016	55 
2017	101 
2018	88 
2019	14 
2020	48 
2021	100 
2022	61 
2023	85 
2024	44 
2025	53 
2026	101 
2027	17 
2028	69 
2029	1 
2030	83 
2031	21 
2032	65 
2033	58 
2034	89 
2035	77 
2036	66 
2037	84 
2038	38 
2039	86 
2040	9 
2041	2 
2042	74 
2043	1 
2044	78 
2045	95 
2046	43 
2047	60 
2048	21 
2049	98 
2050	7 
2051	46 
2052	57 
2053	87 
2054	39 
2055	41 
2056	12 
2057	56 
2058	11 
2059	57 
2060	27 
2061	72 
2062	46 
2063	15 
2064	58 
2065	38 
2066	96 
2067	50 
2068	87 
2069	52 
2070	39 
2071	19 
2072	94 
2073	44 
2074	35 
2075	64 
2076	39 
2077	24 
2078	28 
2079	21 
2080	58 
2081	14 
2082	36 
2083	78 
2084	101 
2085	54 
2086	38 
2087	67 
2088	52 
2089	91 
2090	36 
2091	58 
2092	18 
2093	88 
2094	14 
2095	13 
2096	11 
2097	101 
2098	21 
2099	74 
2100	57 
2101	45 
2102	14 
2103	56 
2104	29 
2105	75 
2106	54 
2107	35 
2108	4 
2109	56 
2110	56 
2111	88 
2112	73 
2113	62 
2114	91 
2115	46 
2116	50 
2117	11 
2118	27 
2119	32 
2120	60 
2121	71 
2122	35 
2123	58 
2124	45 
2125	79 
2126	75 
2127	85 
2128	97 
2129	35 
2130	88 
2131	55 
2132	74 
2133	49 
2134	33 
2135	42 
2136	58 
2137	63 
2138	62 
2139	29 
2140	28 
2141	56 
2142	34 
2143	34 
2144	29 
2145	40 
2146	4 
2147	8 
2148	35 
2149	101 
2150	44 
2151	2 
2152	73 
2153	39 
2154	29 
2155	25 
2156	64 
2157	25 
2158	17 
2159	7 
2160	41 
2161	43 
2162	85 
2163	88 
2164	58 
2165	41 
2166	22 
2167	35 
2168	11 
2169	46 
2170	75 
2171	65 
2172	87 
2173	41 
2174	88 
2175	85 
2176	47 
2177	10 
2178	2 
2179	57 
2180	97 
2181	87 
2182	70 
2183	16 
2184	10 
2185	47 
2186	47 
2187	53 
2188	91 
2189	19 
2190	101 
2191	7 
2192	1 
2193	50 
2194	49 
2195	42 
2196	90 
2197	4 
2198	78 
2199	76 
2200	96 
2201	65 
2202	53 
2203	40 
2204	57 
2205	71 
2206	64 
2207	74 
2208	67 
2209	50 
2210	43 
2211	38 
2212	35 
2213	62 
2214	46 
2215	13 
2216	73 
2217	77 
2218	4 
2219	88 
2220	44 
2221	55 
2222	66 
2223	11 
2224	57 
2225	50 
2226	66 
2227	50 
2228	88 
2229	29 
2230	61 
2231	1 
2232	59 
2233	73 
2234	79 
2235	35 
2236	41 
2237	65 
2238	14 
2239	88 
2240	100 
2241	73 
2242	41 
2243	47 
2244	40 
2245	3 
2246	18 
2247	76 
2248	77 
2249	11 
2250	11 
2251	64 
2252	9 
2253	11 
2254	97 
2255	10 
2256	78 
2257	48 
2258	68 
2259	16 
2260	17 
2261	95 
2262	5 
2263	41 
2264	101 
2265	19 
2266	56 
2267	37 
2268	40 
2269	69 
2270	22 
2271	97 
2272	29 
2273	98 
2274	97 
2275	60 
2276	55 
2277	58 
2278	87 
2279	75 
2280	7 
2281	48 
2282	91 
2283	16 
2284	33 
2285	78 
2286	2 
2287	65 
2288	71 
2289	36 
2290	13 
2291	81 
2292	90 
2293	22 
2294	88 
2295	48 
2296	52 
2297	62 
2298	44 
2299	57 
2300	47 
2301	81 
2302	73 
2303	69 
2304	37 
2305	23 
2306	65 
2307	101 
2308	37 
2309	45 
2310	35 
2311	9 
2312	57 
2313	67 
2314	10 
2315	55 
2316	74 
2317	55 
2318	46 
2319	44 
2320	50 
2321	74 
2322	79 
2323	10 
2324	67 
2325	73 
2326	70 
2327	74 
2328	77 
2329	10 
2330	82 
2331	67 
2332	73 
2333	48 
2334	75 
2335	85 
2336	41 
2337	50 
2338	69 
2339	79 
2340	83 
2341	86 
2342	57 
2343	80 
2344	22 
2345	43 
2346	16 
2347	11 
2348	11 
2349	36 
2350	40 
2351	88 
2352	66 
2353	68 
2354	33 
2355	25 
2356	91 
2357	26 
2358	8 
2359	96 
2360	2 
2361	13 
2362	10 
2363	95 
2364	72 
2365	94 
2366	10 
2367	57 
2368	45 
2369	95 
2370	4 
2371	58 
2372	98 
2373	18 
2374	74 
2375	63 
2376	23 
2377	55 
2378	11 
2379	57 
2380	33 
2381	48 
2382	2 
2383	16 
2384	53 
2385	75 
2386	99 
2387	29 
2388	97 
2389	34 
2390	66 
2391	54 
2392	79 
2393	73 
2394	31 
2395	82 
2396	50 
2397	91 
2398	74 
2399	39 
2400	86 
2401	92 
2402	13 
2403	84 
2404	95 
2405	21 
2406	20 
2407	39 
2408	73 
2409	56 
2410	31 
2411	21 
2412	54 
2413	45 
2414	43 
2415	7 
2416	4 
2417	73 
2418	34 
2419	90 
2420	2 
2421	27 
2422	41 
2423	35 
2424	49 
2425	20 
2426	17 
2427	49 
2428	39 
2429	14 
2430	79 
2431	9 
2432	37 
2433	55 
2434	99 
2435	39 
2436	53 
2437	4 
2438	6 
2439	41 
2440	70 
2441	35 
2442	32 
2443	95 
2444	83 
2445	48 
2446	69 
2447	26 
2448	70 
2449	35 
2450	1 
2451	66 
2452	87 
2453	2 
2454	5 
2455	31 
2456	39 
2457	39 
2458	46 
2459	21 
2460	100 
2461	90 
2462	59 
2463	90 
2464	31 
2465	60 
2466	57 
2467	73 
2468	84 
2469	43 
2470	7 
2471	21 
2472	46 
2473	42 
2474	56 
2475	37 
2476	32 
2477	86 
2478	20 
2479	29 
2480	1 
2481	2 
2482	82 
2483	20 
2484	39 
2485	74 
2486	85 
2487	95 
2488	28 
2489	54 
2490	38 
2491	53 
2492	49 
2493	3 
2494	7 
2495	94 
2496	51 
2497	6 
2498	60 
2499	58 
2500	67 
2501	73 
2502	66 
2503	27 
2504	62 
2505	46 
2506	62 
2507	18 
2508	69 
2509	37 
2510	39 
2511	48 
2512	90 
2513	43 
2514	74 
2515	31 
2516	95 
2517	50 
2518	87 
2519	31 
2520	90 
2521	55 
2522	7 
2523	53 
2524	75 
2525	12 
2526	3 
2527	74 
2528	58 
2529	83 
2530	58 
2531	60 
2532	49 
2533	91 
2534	29 
2535	74 
2536	58 
2537	42 
2538	91 
2539	87 
2540	18 
2541	96 
2542	44 
2543	27 
2544	29 
2545	57 
2546	11 
2547	60 
2548	46 
2549	4 
2550	53 
2551	43 
2552	88 
2553	34 
2554	54 
2555	79 
2556	70 
2557	92 
2558	79 
2559	90 
2560	21 
2561	85 
2562	2 
2563	3 
2564	41 
2565	22 
2566	36 
2567	29 
2568	91 
2569	86 
2570	13 
2571	22 
2572	90 
2573	93 
2574	66 
2575	64 
2576	98 
2577	29 
2578	75 
2579	8 
2580	22 
2581	43 
2582	14 
2583	27 
2584	88 
2585	48 
2586	70 
2587	31 
2588	42 
2589	57 
2590	55 
2591	70 
2592	57 
2593	46 
2594	35 
2595	75 
2596	87 
2597	49 
2598	49 
2599	6 
2600	88 
2601	85 
2602	33 
2603	4 
2604	43 
2605	57 
2606	41 
2607	92 
2608	61 
2609	90 
2610	95 
2611	35 
2612	39 
2613	75 
2614	80 
2615	15 
2616	65 
2617	69 
2618	78 
2619	11 
2620	93 
2621	89 
2622	54 
2623	45 
2624	12 
2625	10 
2626	3 
2627	89 
2628	55 
2629	74 
2630	41 
2631	56 
2632	84 
2633	60 
2634	87 
2635	46 
2636	91 
2637	74 
2638	66 
2639	27 
2640	8 
2641	11 
2642	100 
2643	39 
2644	54 
2645	44 
2646	57 
2647	91 
2648	100 
2649	4 
2650	96 
2651	82 
2652	82 
2653	93 
2654	16 
2655	2 
2656	61 
2657	56 
2658	19 
2659	46 
2660	90 
2661	20 
2662	35 
2663	69 
2664	8 
2665	3 
2666	19 
2667	70 
2668	100 
2669	7 
2670	88 
2671	54 
2672	30 
2673	61 
2674	60 
2675	74 
2676	39 
2677	65 
2678	60 
2679	67 
2680	21 
2681	85 
2682	47 
2683	73 
2684	93 
2685	89 
2686	7 
2687	87 
2688	79 
2689	4 
2690	91 
2691	74 
2692	41 
2693	67 
2694	68 
2695	7 
2696	3 
2697	69 
2698	50 
2699	10 
2700	60 
2701	48 
2702	15 
2703	91 
2704	83 
2705	46 
2706	63 
2707	1 
2708	91 
2709	87 
2710	35 
2711	85 
2712	65 
2713	44 
2714	86 
2715	46 
2716	5 
2717	99 
2718	27 
2719	21 
2720	23 
2721	63 
2722	60 
2723	9 
2724	81 
2725	95 
2726	39 
2727	11 
2728	23 
2729	49 
2730	99 
2731	45 
2732	18 
2733	43 
2734	85 
2735	47 
2736	2 
2737	7 
2738	35 
2739	3 
2740	79 
2741	99 
2742	7 
2743	48 
2744	21 
2745	2 
2746	98 
2747	44 
2748	76 
2749	71 
2750	90 
2751	92 
2752	89 
2753	54 
2754	39 
2755	53 
2756	44 
2757	27 
2758	77 
2759	44 
2760	72 
2761	7 
2762	88 
2763	13 
2764	40 
2765	64 
2766	95 
2767	74 
2768	62 
2769	33 
2770	5 
2771	74 
2772	35 
2773	65 
2774	34 
2775	100 
2776	54 
2777	29 
2778	47 
2779	58 
2780	75 
2781	30 
2782	21 
2783	43 
2784	101 
2785	24 
2786	38 
2787	87 
2788	53 
2789	35 
2790	96 
2791	50 
2792	48 
2793	90 
2794	40 
2795	16 
2796	35 
2797	75 
2798	91 
2799	62 
2800	70 
2801	24 
2802	90 
2803	2 
2804	1 
2805	15 
2806	44 
2807	34 
2808	45 
2809	101 
2810	21 
2811	67 
2812	61 
2813	66 
2814	43 
2815	21 
2816	13 
2817	25 
2818	57 
2819	90 
2820	36 
2821	11 
2822	91 
2823	33 
2824	16 
2825	64 
2826	24 
2827	43 
2828	43 
2829	17 
2830	60 
2831	46 
2832	2 
2833	87 
2834	65 
2835	60 
2836	28 
2837	30 
2838	49 
2839	22 
2840	80 
2841	3 
2842	56 
2843	56 
2844	65 
2845	78 
2846	72 
2847	88 
2848	37 
2849	97 
2850	47 
2851	26 
2852	58 
2853	73 
2854	46 
2855	88 
2856	42 
2857	33 
2858	72 
2859	42 
2860	52 
2861	2 
2862	28 
2863	46 
2864	81 
2865	21 
2866	15 
2867	39 
2868	20 
2869	39 
2870	43 
2871	20 
2872	28 
2873	50 
2874	26 
2875	74 
2876	5 
2877	43 
2878	5 
2879	39 
2880	43 
2881	8 
2882	41 
2883	53 
2884	29 
2885	41 
2886	56 
2887	30 
2888	61 
2889	53 
2890	79 
2891	6 
2892	75 
2893	60 
2894	39 
2895	69 
2896	79 
2897	29 
2898	56 
2899	51 
2900	93 
2901	78 
2902	82 
2903	49 
2904	21 
2905	76 
2906	50 
2907	58 
2908	100 
2909	10 
2910	54 
2911	26 
2912	69 
2913	56 
2914	11 
2915	21 
2916	51 
2917	24 
2918	21 
2919	47 
2920	84 
2921	6 
2922	2 
2923	99 
2924	6 
2925	35 
2926	57 
2927	67 
2928	85 
2929	65 
2930	41 
2931	81 
2932	15 
2933	74 
2934	5 
2935	7 
2936	95 
2937	86 
2938	61 
2939	77 
2940	41 
2941	73 
2942	88 
2943	35 
2944	37 
2945	46 
2946	38 
2947	11 
2948	91 
2949	1 
2950	47 
2951	4 
2952	39 
2953	22 
2954	11 
2955	13 
2956	56 
2957	99 
2958	74 
2959	50 
2960	45 
2961	39 
2962	71 
2963	57 
2964	65 
2965	53 
2966	74 
2967	17 
2968	56 
2969	80 
2970	5 
2971	50 
2972	61 
2973	20 
2974	43 
2975	16 
2976	56 
2977	30 
2978	2 
2979	65 
2980	74 
2981	20 
2982	60 
2983	45 
2984	79 
2985	74 
2986	3 
2987	34 
2988	85 
2989	7 
2990	57 
2991	10 
2992	76 
2993	67 
2994	35 
2995	49 
2996	2 
2997	75 
2998	63 
2999	13 
3000	16 
3001	27 
3002	41 
3003	10 
3004	64 
3005	43 
3006	69 
3007	33 
3008	88 
3009	59 
3010	28 
3011	41 
3012	7 
3013	52 
3014	34 
3015	90 
3016	91 
3017	48 
3018	95 
3019	86 
3020	9 
3021	39 
3022	19 
3023	11 
3024	72 
3025	43 
3026	75 
3027	88 
3028	14 
3029	48 
3030	60 
3031	13 
3032	16 
3033	88 
3034	45 
3035	50 
3036	7 
3037	70 
3038	67 
3039	88 
3040	91 
3041	94 
3042	20 
3043	73 
3044	16 
3045	58 
3046	89 
3047	64 
3048	60 
3049	60 
3050	12 
3051	15 
3052	26 
3053	65 
3054	53 
3055	15 
3056	96 
3057	85 
3058	75 
3059	4 
3060	21 
3061	60 
3062	36 
3063	66 
3064	41 
3065	54 
3066	74 
3067	73 
3068	65 
3069	18 
3070	82 
3071	10 
3072	10 
3073	54 
3074	86 
3075	2 
3076	12 
3077	94 
3078	67 
3079	29 
3080	4 
3081	46 
3082	74 
3083	43 
3084	30 
3085	88 
3086	41 
3087	53 
3088	57 
3089	60 
3090	77 
3091	8 
3092	4 
3093	81 
3094	15 
3095	89 
3096	57 
3097	12 
3098	100 
3099	16 
3100	58 
3101	60 
3102	52 
3103	93 
3104	97 
3105	14 
3106	76 
3107	54 
3108	60 
3109	48 
3110	46 
3111	21 
3112	88 
3113	72 
3114	24 
3115	42 
3116	99 
3117	21 
3118	35 
3119	61 
3120	54 
3121	27 
3122	34 
3123	25 
3124	2 
3125	2 
3126	21 
3127	49 
3128	5 
3129	15 
3130	56 
3131	39 
3132	69 
3133	3 
3134	43 
3135	22 
3136	6 
3137	70 
3138	36 
3139	55 
3140	34 
3141	86 
3142	72 
3143	54 
3144	88 
3145	2 
3146	48 
3147	24 
3148	22 
3149	96 
3150	54 
3151	56 
3152	2 
3153	46 
3154	15 
3155	37 
3156	58 
3157	6 
3158	7 
3159	73 
3160	94 
3161	99 
3162	54 
3163	79 
3164	60 
3165	71 
3166	52 
3167	91 
3168	9 
3169	47 
3170	65 
3171	21 
3172	46 
3173	69 
3174	75 
3175	10 
3176	88 
3177	98 
3178	89 
3179	93 
3180	88 
3181	34 
3182	45 
3183	42 
3184	18 
3185	62 
3186	7 
3187	60 
3188	31 
3189	64 
3190	31 
3191	100 
3192	85 
3193	39 
3194	20 
3195	29 
3196	74 
3197	43 
3198	5 
3199	11 
3200	88 
3201	49 
3202	44 
3203	38 
3204	43 
3205	39 
3206	36 
3207	97 
3208	72 
3209	54 
3210	43 
3211	7 
3212	75 
3213	74 
3214	10 
3215	81 
3216	47 
3217	81 
3218	33 
3219	91 
3220	63 
3221	97 
3222	2 
3223	90 
3224	31 
3225	49 
3226	43 
3227	44 
3228	46 
3229	12 
3230	89 
3231	56 
3232	10 
3233	57 
3234	55 
3235	53 
3236	68 
3237	18 
3238	72 
3239	26 
3240	10 
3241	78 
3242	41 
3243	35 
3244	77 
3245	93 
3246	41 
3247	90 
3248	47 
3249	54 
3250	2 
3251	21 
3252	10 
3253	64 
3254	27 
3255	32 
3256	67 
3257	7 
3258	71 
3259	63 
3260	50 
3261	12 
3262	80 
3263	50 
3264	70 
3265	77 
3266	76 
3267	100 
3268	92 
3269	88 
3270	48 
3271	53 
3272	3 
3273	60 
3274	74 
3275	30 
3276	71 
3277	65 
3278	88 
3279	29 
3280	86 
3281	83 
3282	98 
3283	14 
3284	95 
3285	61 
3286	80 
3287	41 
3288	58 
3289	42 
3290	11 
3291	32 
3292	16 
3293	76 
3294	22 
3295	30 
3296	91 
3297	70 
3298	85 
3299	4 
3300	84 
3301	93 
3302	67 
3303	65 
3304	44 
3305	72 
3306	75 
3307	75 
3308	77 
3309	73 
3310	44 
3311	53 
3312	75 
3313	7 
3314	39 
3315	15 
3316	29 
3317	88 
3318	25 
3319	90 
3320	30 
3321	2 
3322	12 
3323	100 
3324	63 
3325	44 
3326	68 
3327	48 
3328	2 
3329	57 
3330	35 
3331	57 
3332	62 
3333	60 
3334	75 
3335	67 
3336	87 
3337	51 
3338	60 
3339	46 
3340	76 
3341	22 
3342	42 
3343	11 
3344	81 
3345	45 
3346	95 
3347	16 
3348	100 
3349	35 
3350	42 
3351	25 
3352	43 
3353	93 
3354	56 
3355	41 
3356	58 
3357	98 
3358	53 
3359	33 
3360	91 
3361	14 
3362	24 
3363	1 
3364	15 
3365	37 
3366	7 
3367	55 
3368	36 
3369	19 
3370	54 
3371	46 
3372	70 
3373	28 
3374	93 
3375	27 
3376	76 
3377	28 
3378	72 
3379	87 
3380	36 
3381	10 
3382	20 
3383	16 
3384	2 
3385	13 
3386	21 
3387	85 
3388	87 
3389	92 
3390	13 
3391	66 
3392	81 
3393	82 
3394	89 
3395	74 
3396	56 
3397	95 
3398	3 
3399	79 
3400	41 
3401	4 
3402	75 
3403	27 
3404	15 
3405	47 
3406	66 
3407	49 
3408	76 
3409	99 
3410	90 
3411	4 
3412	52 
3413	93 
3414	42 
3415	47 
3416	47 
3417	70 
3418	35 
3419	73 
3420	25 
3421	58 
3422	5 
3423	3 
3424	12 
3425	34 
3426	56 
3427	8 
3428	60 
3429	44 
3430	32 
3431	46 
3432	12 
3433	100 
3434	78 
3435	5 
3436	9 
3437	70 
3438	83 
3439	67 
3440	35 
3441	1 
3442	29 
3443	44 
3444	50 
3445	95 
3446	10 
3447	96 
3448	88 
3449	51 
3450	58 
3451	29 
3452	41 
3453	93 
3454	52 
3455	9 
3456	12 
3457	11 
3458	31 
3459	55 
3460	99 
3461	9 
3462	53 
3463	86 
3464	11 
3465	75 
3466	27 
3467	91 
3468	79 
3469	34 
3470	2 
3471	6 
3472	101 
3473	81 
3474	34 
3475	20 
3476	32 
3477	70 
3478	8 
3479	58 
3480	21 
3481	98 
3482	17 
3483	10 
3484	101 
3485	44 
3486	46 
3487	58 
3488	56 
3489	16 
3490	37 
3491	57 
3492	65 
3493	1 
3494	22 
3495	72 
3496	31 
3497	60 
3498	64 
3499	59 
3500	26 
3501	70 
3502	39 
3503	59 
3504	77 
3505	60 
3506	88 
3507	69 
3508	63 
3509	63 
3510	34 
3511	41 
3512	21 
3513	58 
3514	48 
3515	12 
3516	16 
3517	61 
3518	43 
3519	29 
3520	79 
3521	58 
3522	76 
3523	2 
3524	52 
3525	52 
3526	14 
3527	54 
3528	100 
3529	77 
3530	73 
3531	10 
3532	34 
3533	75 
3534	20 
3535	35 
3536	10 
3537	10 
3538	46 
3539	20 
3540	29 
3541	76 
3542	46 
3543	54 
3544	68 
3545	22 
3546	4 
3547	88 
3548	8 
3549	10 
3550	41 
3551	53 
3552	49 
3553	29 
3554	27 
3555	85 
3556	7 
3557	51 
3558	86 
3559	49 
3560	75 
3561	4 
3562	47 
3563	20 
3564	38 
3565	1 
3566	60 
3567	18 
3568	5 
3569	31 
3570	26 
3571	88 
3572	65 
3573	75 
3574	48 
3575	39 
3576	96 
3577	16 
3578	89 
3579	62 
3580	2 
3581	7 
3582	58 
3583	29 
3584	59 
3585	14 
3586	54 
3587	90 
3588	1 
3589	36 
3590	92 
3591	27 
3592	92 
3593	30 
3594	18 
3595	29 
3596	16 
3597	23 
3598	29 
3599	22 
3600	79 
3601	70 
3602	33 
3603	53 
3604	12 
3605	54 
3606	21 
3607	101 
3608	46 
3609	69 
3610	41 
3611	66 
3612	68 
3613	74 
3614	20 
3615	71 
3616	38 
3617	50 
3618	85 
3619	45 
3620	56 
3621	92 
3622	11 
3623	39 
3624	26 
3625	50 
3626	5 
3627	91 
3628	43 
3629	7 
3630	73 
3631	63 
3632	91 
3633	37 
3634	41 
3635	94 
3636	95 
3637	42 
3638	34 
3639	80 
3640	30 
3641	29 
3642	13 
3643	38 
3644	55 
3645	86 
3646	100 
3647	14 
3648	74 
3649	73 
3650	10 
3651	49 
3652	90 
3653	19 
3654	39 
3655	41 
3656	42 
3657	50 
3658	96 
3659	50 
3660	39 
3661	1 
3662	73 
3663	44 
3664	41 
3665	86 
3666	56 
3667	18 
3668	64 
3669	75 
3670	67 
3671	79 
3672	91 
3673	10 
3674	80 
3675	6 
3676	31 
3677	36 
3678	62 
3679	45 
3680	76 
3681	43 
3682	68 
3683	10 
3684	16 
3685	7 
3686	29 
3687	53 
3688	79 
3689	16 
3690	78 
3691	43 
3692	40 
3693	14 
3694	61 
3695	28 
3696	1 
3697	12 
3698	45 
3699	5 
3700	21 
3701	22 
3702	35 
3703	99 
3704	10 
3705	91 
3706	18 
3707	57 
3708	25 
3709	43 
3710	10 
3711	45 
3712	60 
3713	86 
3714	34 
3715	53 
3716	56 
3717	53 
3718	2 
3719	55 
3720	57 
3721	40 
3722	71 
3723	53 
3724	51 
3725	82 
3726	78 
3727	2 
3728	49 
3729	58 
3730	22 
3731	52 
3732	81 
3733	58 
3734	21 
3735	1 
3736	91 
3737	88 
3738	74 
3739	50 
3740	33 
3741	66 
3742	53 
3743	73 
3744	79 
3745	29 
3746	54 
3747	39 
3748	47 
3749	34 
3750	53 
3751	1 
3752	65 
3753	7 
3754	75 
3755	11 
3756	35 
3757	84 
3758	16 
3759	90 
3760	7 
3761	88 
3762	3 
3763	9 
3764	41 
3765	15 
3766	98 
3767	68 
3768	39 
3769	8 
3770	47 
3771	31 
3772	40 
3773	2 
3774	46 
3775	59 
3776	7 
3777	41 
3778	54 
3779	73 
3780	96 
3781	91 
3782	66 
3783	86 
3784	56 
3785	86 
3786	93 
3787	38 
3788	90 
3789	2 
3790	10 
3791	34 
3792	30 
3793	88 
3794	41 
3795	29 
3796	11 
3797	86 
3798	31 
3799	95 
3800	48 
3801	12 
3802	42 
3803	94 
3804	56 
3805	29 
3806	22 
3807	18 
3808	72 
3809	9 
3810	37 
3811	47 
3812	67 
3813	73 
3814	25 
3815	43 
3816	53 
3817	7 
3818	31 
3819	75 
3820	31 
3821	89 
3822	49 
3823	27 
3824	78 
3825	6 
3826	29 
3827	67 
3828	31 
3829	66 
3830	34 
3831	28 
3832	63 
3833	10 
3834	61 
3835	39 
3836	34 
3837	43 
3838	9 
3839	77 
3840	93 
3841	68 
3842	29 
3843	10 
3844	79 
3845	74 
3846	63 
3847	99 
3848	50 
3849	50 
3850	44 
3851	96 
3852	91 
3853	50 
3854	38 
3855	43 
3856	14 
3857	45 
3858	59 
3859	57 
3860	45 
3861	4 
3862	31 
3863	16 
3864	29 
3865	68 
3866	50 
3867	93 
3868	70 
3869	58 
3870	101 
3871	87 
3872	88 
3873	83 
3874	79 
3875	70 
3876	93 
3877	11 
3878	25 
3879	40 
3880	94 
3881	37 
3882	87 
3883	91 
3884	91 
3885	45 
3886	75 
3887	31 
3888	29 
3889	59 
3890	60 
3891	89 
3892	56 
3893	70 
3894	3 
3895	7 
3896	43 
3897	34 
3898	43 
3899	90 
3900	37 
3901	61 
3902	73 
3903	48 
3904	59 
3905	44 
3906	57 
3907	98 
3908	6 
3909	22 
3910	4 
3911	78 
3912	87 
3913	42 
3914	16 
3915	60 
3916	32 
3917	24 
3918	19 
3919	63 
3920	54 
3921	98 
3922	18 
3923	96 
3924	22 
3925	63 
3926	34 
3927	43 
3928	7 
3929	92 
3930	20 
3931	76 
3932	11 
3933	49 
3934	33 
3935	54 
3936	87 
3937	45 
3938	27 
3939	20 
3940	29 
3941	100 
3942	54 
3943	45 
3944	22 
3945	16 
3946	8 
3947	6 
3948	63 
3949	90 
3950	82 
3951	96 
3952	45 
3953	75 
3954	63 
3955	50 
3956	5 
3957	42 
3958	93 
3959	51 
3960	12 
3961	22 
3962	68 
3963	43 
3964	65 
3965	38 
3966	22 
3967	85 
3968	89 
3969	55 
3970	67 
3971	95 
3972	9 
3973	25 
3974	83 
3975	24 
3976	91 
3977	83 
3978	95 
3979	66 
3980	43 
3981	25 
3982	101 
3983	56 
3984	97 
3985	61 
3986	29 
3987	37 
3988	58 
3989	50 
3990	28 
3991	10 
3992	10 
3993	74 
3994	42 
3995	13 
3996	28 
3997	94 
3998	98 
3999	99 
4000	44 
4001	7 
4002	53 
4003	51 
4004	25 
4005	66 
4006	46 
4007	58 
4008	7 
4009	30 
4010	91 
4011	90 
4012	48 
4013	70 
4014	73 
4015	49 
4016	75 
4017	5 
4018	49 
4019	39 
4020	87 
4021	9 
4022	25 
4023	39 
4024	36 
4025	51 
4026	60 
4027	88 
4028	29 
4029	17 
4030	91 
4031	56 
4032	21 
4033	2 
4034	58 
4035	76 
4036	75 
4037	44 
4038	61 
4039	50 
4040	27 
4041	65 
4042	21 
4043	78 
4044	70 
4045	50 
4046	91 
4047	90 
4048	1 
4049	51 
4050	14 
4051	44 
4052	10 
4053	81 
4054	10 
4055	7 
4056	47 
4057	70 
4058	93 
4059	28 
4060	21 
4061	50 
4062	11 
4063	46 
4064	33 
4065	39 
4066	1 
4067	90 
4068	51 
4069	82 
4070	57 
4071	56 
4072	60 
4073	48 
4074	91 
4075	63 
4076	43 
4077	55 
4078	63 
4079	2 
4080	22 
4081	17 
4082	10 
4083	82 
4084	54 
4085	21 
4086	25 
4087	22 
4088	50 
4089	54 
4090	75 
4091	11 
4092	62 
4093	13 
4094	60 
4095	79 
4096	12 
4097	88 
4098	75 
4099	25 
4100	10 
4101	21 
4102	8 
4103	8 
4104	66 
4105	19 
4106	90 
4107	56 
4108	80 
4109	19 
4110	2 
4111	40 
4112	75 
4113	58 
4114	98 
4115	90 
4116	15 
4117	50 
4118	54 
4119	100 
4120	72 
4121	20 
4122	40 
4123	46 
4124	41 
4125	91 
4126	50 
4127	86 
4128	2 
4129	44 
4130	72 
4131	46 
4132	38 
4133	66 
4134	97 
4135	48 
4136	83 
4137	35 
4138	91 
4139	95 
4140	91 
4141	28 
4142	38 
4143	57 
4144	99 
4145	88 
4146	60 
4147	38 
4148	41 
4149	81 
4150	6 
4151	22 
4152	19 
4153	5 
4154	49 
4155	81 
4156	6 
4157	13 
4158	88 
4159	4 
4160	62 
4161	91 
4162	16 
4163	59 
4164	39 
4165	31 
4166	22 
4167	20 
4168	38 
4169	76 
4170	75 
4171	54 
4172	3 
4173	1 
4174	87 
4175	87 
4176	76 
4177	39 
4178	95 
4179	39 
4180	60 
4181	98 
4182	39 
4183	43 
4184	57 
4185	77 
4186	29 
4187	27 
4188	67 
4189	5 
4190	59 
4191	33 
4192	44 
4193	82 
4194	10 
4195	43 
4196	16 
4197	77 
4198	3 
4199	87 
4200	13 
4201	73 
4202	33 
4203	60 
4204	76 
4205	21 
4206	45 
4207	60 
4208	86 
4209	98 
4210	38 
4211	17 
4212	25 
4213	72 
4214	63 
4215	63 
4216	90 
4217	18 
4218	86 
4219	41 
4220	58 
4221	89 
4222	8 
4223	27 
4224	73 
4225	39 
4226	56 
4227	43 
4228	10 
4229	50 
4230	56 
4231	100 
4232	12 
4233	55 
4234	70 
4235	73 
4236	88 
4237	76 
4238	70 
4239	56 
4240	28 
4241	95 
4242	47 
4243	75 
4244	46 
4245	63 
4246	59 
4247	91 
4248	86 
4249	65 
4250	5 
4251	35 
4252	51 
4253	41 
4254	41 
4255	70 
4256	68 
4257	29 
4258	78 
4259	47 
4260	34 
4261	29 
4262	41 
4263	31 
4264	42 
4265	33 
4266	75 
4267	9 
4268	41 
4269	68 
4270	21 
4271	56 
4272	13 
4273	91 
4274	91 
4275	50 
4276	33 
4277	34 
4278	16 
4279	100 
4280	100 
4281	77 
4282	2 
4283	55 
4284	43 
4285	34 
4286	41 
4287	21 
4288	58 
4289	4 
4290	54 
4291	12 
4292	21 
4293	74 
4294	28 
4295	96 
4296	35 
4297	91 
4298	33 
4299	77 
4300	73 
4301	22 
4302	12 
4303	82 
4304	101 
4305	46 
4306	11 
4307	37 
4308	41 
4309	22 
4310	35 
4311	51 
4312	91 
4313	89 
4314	46 
4315	53 
4316	72 
4317	85 
4318	29 
4319	80 
4320	62 
4321	90 
4322	7 
4323	12 
4324	29 
4325	3 
4326	5 
4327	10 
4328	73 
4329	10 
4330	54 
4331	10 
4332	53 
4333	29 
4334	69 
4335	16 
4336	48 
4337	16 
4338	6 
4339	94 
4340	15 
4341	4 
4342	94 
4343	86 
4344	46 
4345	39 
4346	53 
4347	73 
4348	88 
4349	60 
4350	90 
4351	88 
4352	2 
4353	37 
4354	53 
4355	73 
4356	22 
4357	63 
4358	74 
4359	97 
4360	20 
4361	14 
4362	42 
4363	8 
4364	7 
4365	91 
4366	74 
4367	73 
4368	74 
4369	7 
4370	10 
4371	54 
4372	14 
4373	82 
4374	12 
4375	74 
4376	58 
4377	57 
4378	96 
4379	22 
4380	78 
4381	50 
4382	29 
4383	9 
4384	81 
4385	9 
4386	48 
4387	86 
4388	17 
4389	54 
4390	46 
4391	58 
4392	12 
4393	24 
4394	2 
4395	59 
4396	90 
4397	70 
4398	60 
4399	73 
4400	13 
4401	54 
4402	4 
4403	7 
4404	22 
4405	18 
4406	2 
4407	86 
4408	73 
4409	7 
4410	90 
4411	70 
4412	42 
4413	49 
4414	85 
4415	6 
4416	72 
4417	90 
4418	14 
4419	4 
4420	78 
4421	28 
4422	22 
4423	29 
4424	60 
4425	14 
4426	81 
4427	29 
4428	73 
4429	50 
4430	80 
4431	54 
4432	90 
4433	50 
4434	9 
4435	57 
4436	93 
4437	44 
4438	97 
4439	35 
4440	97 
4441	10 
4442	70 
4443	65 
4444	43 
4445	1 
4446	3 
4447	73 
4448	65 
4449	74 
4450	96 
4451	15 
4452	42 
4453	2 
4454	50 
4455	79 
4456	2 
4457	4 
4458	75 
4459	72 
4460	46 
4461	37 
4462	35 
4463	87 
4464	37 
4465	85 
4466	35 
4467	34 
4468	72 
4469	100 
4470	74 
4471	42 
4472	72 
4473	79 
4474	21 
4475	6 
4476	60 
4477	63 
4478	91 
4479	55 
4480	46 
4481	78 
4482	4 
4483	73 
4484	82 
4485	86 
4486	44 
4487	10 
4488	86 
4489	7 
4490	63 
4491	54 
4492	86 
4493	82 
4494	66 
4495	34 
4496	7 
4497	2 
4498	4 
4499	93 
4500	57 
4501	60 
4502	9 
4503	58 
4504	43 
4505	4 
4506	10 
4507	56 
4508	87 
4509	34 
4510	67 
4511	46 
4512	76 
4513	31 
4514	9 
4515	90 
4516	37 
4517	88 
4518	91 
4519	70 
4520	4 
4521	96 
4522	17 
4523	5 
4524	50 
4525	57 
4526	22 
4527	43 
4528	7 
4529	5 
4530	9 
4531	2 
4532	67 
4533	54 
4534	56 
4535	96 
4536	95 
4537	60 
4538	11 
4539	46 
4540	7 
4541	20 
4542	13 
4543	73 
4544	43 
4545	39 
4546	100 
4547	4 
4548	13 
4549	96 
4550	49 
4551	72 
4552	88 
4553	54 
4554	37 
4555	7 
4556	67 
4557	35 
4558	74 
4559	73 
4560	53 
4561	87 
4562	59 
4563	72 
4564	42 
4565	93 
4566	57 
4567	16 
4568	79 
4569	68 
4570	44 
4571	57 
4572	99 
4573	6 
4574	98 
4575	89 
4576	62 
4577	76 
4578	85 
4579	98 
4580	54 
4581	22 
4582	60 
4583	43 
4584	86 
4585	43 
4586	57 
4587	73 
4588	65 
4589	75 
4590	17 
4591	49 
4592	5 
4593	76 
4594	45 
4595	11 
4596	3 
4597	46 
4598	35 
4599	56 
4600	43 
4601	72 
4602	2 
4603	74 
4604	10 
4605	48 
4606	56 
4607	67 
4608	7 
4609	91 
4610	7 
4611	58 
4612	47 
4613	53 
4614	17 
4615	7 
4616	12 
4617	60 
4618	9 
4619	35 
4620	21 
4621	41 
4622	97 
4623	69 
4624	56 
4625	41 
4626	38 
4627	22 
4628	90 
4629	20 
4630	15 
4631	21 
4632	60 
4633	6 
4634	70 
4635	29 
4636	43 
4637	44 
4638	54 
4639	21 
4640	27 
4641	39 
4642	74 
4643	29 
4644	7 
4645	99 
4646	77 
4647	81 
4648	11 
4649	34 
4650	39 
4651	88 
4652	5 
4653	11 
4654	79 
4655	44 
4656	72 
4657	21 
4658	41 
4659	7 
4660	54 
4661	81 
4662	75 
4663	53 
4664	66 
4665	73 
4666	33 
4667	65 
4668	86 
4669	89 
4670	12 
4671	5 
4672	37 
4673	87 
4674	70 
4675	60 
4676	44 
4677	34 
4678	6 
4679	60 
4680	41 
4681	41 
4682	99 
4683	43 
4684	15 
4685	13 
4686	88 
4687	33 
4688	81 
4689	1 
4690	22 
4691	50 
4692	18 
4693	54 
4694	33 
4695	18 
4696	10 
4697	50 
4698	72 
4699	81 
4700	59 
4701	75 
4702	41 
4703	66 
4704	53 
4705	20 
4706	74 
4707	87 
4708	65 
4709	10 
4710	9 
4711	10 
4712	22 
4713	90 
4714	4 
4715	93 
4716	90 
4717	39 
4718	70 
4719	58 
4720	89 
4721	75 
4722	50 
4723	34 
4724	39 
4725	90 
4726	58 
4727	55 
4728	100 
4729	29 
4730	66 
4731	37 
4732	90 
4733	34 
4734	2 
4735	44 
4736	10 
4737	2 
4738	1 
4739	85 
4740	74 
4741	56 
4742	3 
4743	50 
4744	89 
4745	18 
4746	66 
4747	48 
4748	86 
4749	5 
4750	14 
4751	68 
4752	35 
4753	99 
4754	10 
4755	56 
4756	91 
4757	46 
4758	22 
4759	100 
4760	7 
4761	73 
4762	73 
4763	56 
4764	49 
4765	66 
4766	75 
4767	85 
4768	89 
4769	6 
4770	3 
4771	60 
4772	95 
4773	49 
4774	74 
4775	81 
4776	73 
4777	29 
4778	59 
4779	87 
4780	97 
4781	89 
4782	10 
4783	6 
4784	13 
4785	50 
4786	73 
4787	86 
4788	60 
4789	73 
4790	99 
4791	29 
4792	75 
4793	37 
4794	56 
4795	44 
4796	15 
4797	21 
4798	46 
4799	65 
4800	35 
4801	72 
4802	22 
4803	45 
4804	45 
4805	90 
4806	21 
4807	88 
4808	15 
4809	4 
4810	99 
4811	2 
4812	66 
4813	99 
4814	89 
4815	3 
4816	29 
4817	100 
4818	63 
4819	91 
4820	73 
4821	49 
4822	60 
4823	75 
4824	2 
4825	2 
4826	14 
4827	3 
4828	21 
4829	2 
4830	59 
4831	20 
4832	90 
4833	6 
4834	87 
4835	22 
4836	37 
4837	95 
4838	18 
4839	60 
4840	54 
4841	43 
4842	39 
4843	97 
4844	13 
4845	12 
4846	58 
4847	93 
4848	10 
4849	9 
4850	41 
4851	5 
4852	50 
4853	50 
4854	73 
4855	44 
4856	49 
4857	41 
4858	18 
4859	2 
4860	10 
4861	56 
4862	31 
4863	20 
4864	46 
4865	41 
4866	70 
4867	34 
4868	58 
4869	4 
4870	93 
4871	58 
4872	11 
4873	33 
4874	91 
4875	18 
4876	70 
4877	48 
4878	43 
4879	65 
4880	9 
4881	10 
4882	65 
4883	55 
4884	100 
4885	68 
4886	58 
4887	73 
4888	50 
4889	10 
4890	60 
4891	42 
4892	100 
4893	13 
4894	46 
4895	42 
4896	79 
4897	44 
4898	46 
4899	88 
4900	95 
4901	15 
4902	45 
4903	72 
4904	10 
4905	54 
4906	39 
4907	73 
4908	18 
4909	95 
4910	48 
4911	10 
4912	21 
4913	43 
4914	4 
4915	72 
4916	100 
4917	21 
4918	10 
4919	56 
4920	66 
4921	9 
4922	53 
4923	54 
4924	90 
4925	85 
4926	60 
4927	21 
4928	54 
4929	90 
4930	37 
4931	34 
4932	68 
4933	7 
4934	47 
4935	91 
4936	5 
4937	56 
4938	10 
4939	90 
4940	60 
4941	43 
4942	70 
4943	49 
4944	35 
4945	97 
4946	57 
4947	91 
4948	54 
4949	20 
4950	34 
4951	41 
4952	41 
4953	42 
4954	53 
4955	79 
4956	21 
4957	95 
4958	5 
4959	56 
4960	21 
4961	73 
4962	13 
4963	45 
4964	18 
4965	43 
4966	34 
4967	90 
4968	58 
4969	50 
4970	57 
4971	9 
4972	10 
4973	7 
4974	5 
4975	4 
4976	13 
4977	22 
4978	76 
4979	56 
4980	1 
4981	53 
4982	34 
4983	46 
4984	90 
4985	43 
4986	14 
4987	33 
4988	93 
4989	90 
4990	10 
4991	29 
4992	91 
4993	73 
4994	56 
4995	90 
4996	33 
4997	79 
4998	16 
4999	90 
5000	74 
