1	30 
2	19 
3	66 
4	1 
5	86 
6	14 
7	65 
8	15 
9	72 
10	54 
11	22 
12	15 
13	63 
14	26 
15	60 
16	16 
17	73 
18	45 
19	32 
20	84 
21	76 
22	97 
23	75 
24	66 
25	82 
26	56 
27	33 
28	28 
29	21 
30	11 
31	53 
32	53 
33	89 
34	56 
35	22 
36	75 
37	67 
38	23 
39	44 
40	30 
41	62 
42	45 
43	46 
44	27 
45	81 
46	33 
47	53 
48	103 
49	10 
50	47 
51	16 
52	96 
53	104 
54	104 
55	93 
56	33 
57	85 
58	49 
59	55 
60	80 
61	69 
62	103 
63	67 
64	2 
65	57 
66	58 
67	56 
68	25 
69	19 
70	26 
71	42 
72	15 
73	37 
74	84 
75	35 
76	15 
77	60 
78	34 
79	63 
80	80 
81	19 
82	57 
83	69 
84	65 
85	23 
86	21 
87	63 
88	44 
89	60 
90	56 
91	45 
92	70 
93	41 
94	82 
95	45 
96	21 
97	13 
98	98 
99	54 
100	43 
101	41 
102	3 
103	31 
104	4 
105	54 
106	13 
107	80 
108	42 
109	11 
110	29 
111	44 
112	33 
113	53 
114	3 
115	49 
116	39 
117	103 
118	49 
119	92 
120	45 
121	31 
122	55 
123	41 
124	38 
125	16 
126	2 
127	6 
128	55 
129	16 
130	53 
131	54 
132	66 
133	31 
134	71 
135	19 
136	58 
137	38 
138	5 
139	38 
140	5 
141	64 
142	98 
143	28 
144	85 
145	2 
146	58 
147	30 
148	90 
149	73 
150	5 
151	50 
152	4 
153	72 
154	65 
155	30 
156	19 
157	2 
158	62 
159	100 
160	63 
161	77 
162	70 
163	76 
164	92 
165	30 
166	38 
167	77 
168	97 
169	87 
170	19 
171	21 
172	41 
173	23 
174	90 
175	34 
176	86 
177	50 
178	30 
179	60 
180	85 
181	54 
182	6 
183	88 
184	41 
185	95 
186	89 
187	31 
188	14 
189	7 
190	22 
191	64 
192	32 
193	29 
194	67 
195	69 
196	84 
197	25 
198	34 
199	13 
200	49 
201	71 
202	80 
203	96 
204	45 
205	85 
206	48 
207	49 
208	5 
209	99 
210	39 
211	23 
212	2 
213	53 
214	101 
215	24 
216	27 
217	101 
218	53 
219	91 
220	14 
221	22 
222	31 
223	82 
224	5 
225	58 
226	66 
227	80 
228	63 
229	32 
230	45 
231	83 
232	21 
233	21 
234	15 
235	7 
236	75 
237	33 
238	12 
239	4 
240	90 
241	54 
242	36 
243	19 
244	30 
245	101 
246	37 
247	59 
248	83 
249	41 
250	76 
251	82 
252	47 
253	57 
254	21 
255	82 
256	7 
257	52 
258	90 
259	103 
260	45 
261	56 
262	46 
263	7 
264	90 
265	13 
266	64 
267	12 
268	60 
269	21 
270	78 
271	53 
272	95 
273	88 
274	45 
275	34 
276	76 
277	80 
278	3 
279	57 
280	87 
281	45 
282	45 
283	21 
284	13 
285	59 
286	76 
287	49 
288	18 
289	21 
290	39 
291	103 
292	3 
293	56 
294	26 
295	3 
296	54 
297	89 
298	84 
299	63 
300	81 
301	30 
302	85 
303	77 
304	15 
305	45 
306	43 
307	45 
308	6 
309	30 
310	81 
311	85 
312	90 
313	55 
314	83 
315	102 
316	80 
317	38 
318	62 
319	45 
320	4 
321	79 
322	32 
323	34 
324	61 
325	21 
326	79 
327	81 
328	95 
329	45 
330	66 
331	82 
332	84 
333	76 
334	82 
335	66 
336	102 
337	49 
338	45 
339	80 
340	5 
341	11 
342	11 
343	72 
344	90 
345	31 
346	89 
347	85 
348	71 
349	13 
350	46 
351	45 
352	76 
353	41 
354	61 
355	7 
356	93 
357	80 
358	13 
359	9 
360	82 
361	4 
362	18 
363	17 
364	31 
365	72 
366	13 
367	55 
368	78 
369	57 
370	18 
371	80 
372	85 
373	56 
374	69 
375	84 
376	28 
377	13 
378	60 
379	36 
380	4 
381	98 
382	47 
383	59 
384	82 
385	10 
386	102 
387	31 
388	68 
389	79 
390	69 
391	44 
392	60 
393	64 
394	41 
395	47 
396	101 
397	43 
398	33 
399	38 
400	104 
401	90 
402	11 
403	90 
404	44 
405	14 
406	45 
407	98 
408	58 
409	46 
410	8 
411	73 
412	102 
413	69 
414	97 
415	21 
416	46 
417	56 
418	69 
419	72 
420	48 
421	89 
422	4 
423	66 
424	17 
425	44 
426	8 
427	82 
428	7 
429	101 
430	88 
431	61 
432	41 
433	50 
434	53 
435	15 
436	67 
437	57 
438	101 
439	19 
440	83 
441	79 
442	25 
443	66 
444	56 
445	52 
446	94 
447	45 
448	4 
449	60 
450	39 
451	16 
452	52 
453	53 
454	79 
455	55 
456	98 
457	3 
458	20 
459	14 
460	2 
461	96 
462	32 
463	68 
464	81 
465	50 
466	83 
467	69 
468	55 
469	58 
470	64 
471	50 
472	57 
473	103 
474	76 
475	82 
476	56 
477	81 
478	56 
479	90 
480	49 
481	13 
482	103 
483	77 
484	85 
485	75 
486	11 
487	5 
488	46 
489	103 
490	11 
491	41 
492	53 
493	45 
494	6 
495	31 
496	41 
497	75 
498	25 
499	72 
500	21 
501	53 
502	103 
503	72 
504	103 
505	21 
506	92 
507	18 
508	63 
509	98 
510	6 
511	71 
512	74 
513	61 
514	71 
515	84 
516	104 
517	30 
518	13 
519	84 
520	71 
521	90 
522	103 
523	41 
524	79 
525	84 
526	54 
527	16 
528	71 
529	101 
530	19 
531	70 
532	38 
533	61 
534	38 
535	72 
536	25 
537	71 
538	46 
539	14 
540	52 
541	14 
542	53 
543	102 
544	14 
545	56 
546	98 
547	44 
548	71 
549	38 
550	64 
551	50 
552	80 
553	35 
554	14 
555	80 
556	53 
557	1 
558	59 
559	71 
560	22 
561	28 
562	7 
563	22 
564	44 
565	7 
566	41 
567	5 
568	61 
569	26 
570	36 
571	66 
572	46 
573	11 
574	50 
575	22 
576	52 
577	79 
578	15 
579	83 
580	82 
581	61 
582	30 
583	62 
584	31 
585	45 
586	41 
587	64 
588	19 
589	38 
590	41 
591	34 
592	76 
593	102 
594	55 
595	71 
596	85 
597	56 
598	41 
599	66 
600	38 
601	45 
602	9 
603	94 
604	18 
605	80 
606	19 
607	44 
608	95 
609	85 
610	5 
611	10 
612	83 
613	79 
614	30 
615	50 
616	59 
617	88 
618	99 
619	58 
620	82 
621	38 
622	84 
623	102 
624	31 
625	7 
626	31 
627	13 
628	66 
629	95 
630	53 
631	55 
632	95 
633	56 
634	15 
635	66 
636	104 
637	11 
638	71 
639	60 
640	16 
641	85 
642	102 
643	84 
644	36 
645	19 
646	19 
647	59 
648	38 
649	56 
650	64 
651	43 
652	15 
653	92 
654	13 
655	78 
656	34 
657	8 
658	5 
659	50 
660	55 
661	103 
662	53 
663	104 
664	5 
665	60 
666	78 
667	13 
668	55 
669	69 
670	37 
671	55 
672	21 
673	89 
674	36 
675	75 
676	35 
677	31 
678	91 
679	12 
680	19 
681	44 
682	38 
683	64 
684	24 
685	93 
686	97 
687	84 
688	44 
689	84 
690	64 
691	95 
692	102 
693	47 
694	56 
695	80 
696	55 
697	37 
698	4 
699	32 
700	19 
701	96 
702	10 
703	74 
704	45 
705	14 
706	93 
707	56 
708	5 
709	61 
710	90 
711	47 
712	90 
713	57 
714	98 
715	89 
716	64 
717	39 
718	102 
719	7 
720	96 
721	62 
722	62 
723	30 
724	38 
725	49 
726	16 
727	47 
728	80 
729	34 
730	83 
731	71 
732	45 
733	86 
734	38 
735	92 
736	69 
737	75 
738	90 
739	44 
740	54 
741	88 
742	87 
743	46 
744	102 
745	53 
746	78 
747	1 
748	84 
749	89 
750	90 
751	39 
752	30 
753	46 
754	69 
755	41 
756	59 
757	21 
758	8 
759	65 
760	94 
761	85 
762	85 
763	92 
764	21 
765	75 
766	35 
767	15 
768	15 
769	82 
770	70 
771	64 
772	13 
773	64 
774	13 
775	15 
776	11 
777	14 
778	21 
779	3 
780	45 
781	35 
782	15 
783	50 
784	83 
785	19 
786	16 
787	58 
788	8 
789	88 
790	62 
791	9 
792	70 
793	55 
794	66 
795	46 
796	68 
797	63 
798	52 
799	16 
800	55 
801	66 
802	33 
803	15 
804	23 
805	51 
806	3 
807	33 
808	2 
809	52 
810	85 
811	36 
812	34 
813	62 
814	80 
815	101 
816	82 
817	89 
818	2 
819	43 
820	73 
821	97 
822	43 
823	5 
824	82 
825	1 
826	75 
827	46 
828	27 
829	35 
830	28 
831	15 
832	57 
833	79 
834	53 
835	82 
836	35 
837	50 
838	104 
839	30 
840	41 
841	44 
842	68 
843	55 
844	69 
845	3 
846	21 
847	51 
848	7 
849	58 
850	45 
851	45 
852	33 
853	17 
854	56 
855	103 
856	32 
857	19 
858	16 
859	6 
860	22 
861	61 
862	28 
863	28 
864	15 
865	30 
866	85 
867	60 
868	56 
869	83 
870	31 
871	59 
872	84 
873	46 
874	44 
875	97 
876	37 
877	73 
878	38 
879	80 
880	15 
881	58 
882	35 
883	17 
884	55 
885	83 
886	43 
887	64 
888	43 
889	71 
890	18 
891	103 
892	102 
893	33 
894	103 
895	17 
896	85 
897	81 
898	83 
899	4 
900	16 
901	38 
902	73 
903	45 
904	38 
905	57 
906	65 
907	72 
908	64 
909	79 
910	45 
911	28 
912	75 
913	13 
914	95 
915	52 
916	88 
917	76 
918	59 
919	29 
920	63 
921	55 
922	83 
923	90 
924	23 
925	31 
926	3 
927	50 
928	47 
929	85 
930	85 
931	77 
932	58 
933	53 
934	62 
935	21 
936	9 
937	37 
938	31 
939	94 
940	66 
941	15 
942	49 
943	3 
944	45 
945	91 
946	80 
947	21 
948	43 
949	4 
950	96 
951	74 
952	11 
953	18 
954	45 
955	17 
956	55 
957	85 
958	35 
959	72 
960	89 
961	21 
962	70 
963	71 
964	26 
965	38 
966	64 
967	43 
968	9 
969	42 
970	58 
971	67 
972	13 
973	72 
974	46 
975	17 
976	38 
977	15 
978	70 
979	102 
980	45 
981	91 
982	80 
983	43 
984	5 
985	53 
986	93 
987	30 
988	63 
989	71 
990	64 
991	6 
992	79 
993	55 
994	13 
995	104 
996	22 
997	38 
998	103 
999	68 
1000	96 
1001	37 
1002	43 
1003	98 
1004	75 
1005	21 
1006	63 
1007	58 
1008	89 
1009	86 
1010	49 
1011	43 
1012	38 
1013	97 
1014	46 
1015	38 
1016	84 
1017	71 
1018	18 
1019	30 
1020	28 
1021	98 
1022	41 
1023	88 
1024	23 
1025	90 
1026	44 
1027	11 
1028	39 
1029	6 
1030	85 
1031	85 
1032	23 
1033	63 
1034	77 
1035	45 
1036	79 
1037	88 
1038	17 
1039	30 
1040	38 
1041	21 
1042	63 
1043	12 
1044	13 
1045	94 
1046	7 
1047	55 
1048	20 
1049	86 
1050	39 
1051	18 
1052	79 
1053	84 
1054	104 
1055	4 
1056	85 
1057	75 
1058	71 
1059	78 
1060	76 
1061	35 
1062	35 
1063	31 
1064	47 
1065	103 
1066	53 
1067	89 
1068	58 
1069	67 
1070	53 
1071	88 
1072	58 
1073	83 
1074	98 
1075	84 
1076	11 
1077	71 
1078	100 
1079	80 
1080	53 
1081	15 
1082	82 
1083	104 
1084	49 
1085	34 
1086	97 
1087	85 
1088	44 
1089	30 
1090	41 
1091	85 
1092	25 
1093	15 
1094	38 
1095	79 
1096	57 
1097	92 
1098	29 
1099	18 
1100	55 
1101	45 
1102	32 
1103	51 
1104	102 
1105	64 
1106	53 
1107	5 
1108	44 
1109	36 
1110	46 
1111	61 
1112	73 
1113	101 
1114	46 
1115	70 
1116	1 
1117	17 
1118	68 
1119	82 
1120	101 
1121	95 
1122	21 
1123	60 
1124	49 
1125	56 
1126	88 
1127	34 
1128	63 
1129	30 
1130	86 
1131	13 
1132	69 
1133	30 
1134	41 
1135	21 
1136	88 
1137	67 
1138	17 
1139	98 
1140	14 
1141	68 
1142	9 
1143	68 
1144	57 
1145	84 
1146	58 
1147	83 
1148	80 
1149	60 
1150	30 
1151	71 
1152	3 
1153	101 
1154	104 
1155	64 
1156	41 
1157	81 
1158	27 
1159	49 
1160	102 
1161	74 
1162	19 
1163	26 
1164	5 
1165	50 
1166	50 
1167	84 
1168	49 
1169	6 
1170	69 
1171	71 
1172	91 
1173	34 
1174	84 
1175	33 
1176	37 
1177	36 
1178	58 
1179	66 
1180	48 
1181	82 
1182	17 
1183	68 
1184	51 
1185	98 
1186	83 
1187	104 
1188	88 
1189	8 
1190	16 
1191	85 
1192	53 
1193	15 
1194	1 
1195	57 
1196	44 
1197	25 
1198	65 
1199	59 
1200	38 
1201	46 
1202	99 
1203	80 
1204	84 
1205	34 
1206	38 
1207	33 
1208	31 
1209	66 
1210	21 
1211	10 
1212	31 
1213	95 
1214	44 
1215	80 
1216	17 
1217	25 
1218	92 
1219	21 
1220	21 
1221	62 
1222	19 
1223	17 
1224	46 
1225	70 
1226	76 
1227	21 
1228	46 
1229	80 
1230	83 
1231	37 
1232	81 
1233	34 
1234	102 
1235	49 
1236	53 
1237	49 
1238	30 
1239	11 
1240	40 
1241	85 
1242	52 
1243	10 
1244	53 
1245	14 
1246	104 
1247	84 
1248	51 
1249	68 
1250	69 
1251	65 
1252	102 
1253	46 
1254	5 
1255	32 
1256	41 
1257	49 
1258	39 
1259	63 
1260	13 
1261	103 
1262	4 
1263	19 
1264	31 
1265	90 
1266	56 
1267	45 
1268	38 
1269	52 
1270	50 
1271	47 
1272	48 
1273	7 
1274	60 
1275	6 
1276	2 
1277	84 
1278	86 
1279	17 
1280	80 
1281	46 
1282	15 
1283	38 
1284	39 
1285	71 
1286	61 
1287	17 
1288	48 
1289	71 
1290	38 
1291	48 
1292	88 
1293	9 
1294	19 
1295	14 
1296	49 
1297	72 
1298	34 
1299	75 
1300	85 
1301	68 
1302	31 
1303	8 
1304	59 
1305	52 
1306	30 
1307	33 
1308	83 
1309	20 
1310	53 
1311	63 
1312	50 
1313	45 
1314	24 
1315	103 
1316	85 
1317	17 
1318	13 
1319	35 
1320	74 
1321	23 
1322	77 
1323	49 
1324	17 
1325	28 
1326	26 
1327	81 
1328	103 
1329	90 
1330	98 
1331	71 
1332	62 
1333	30 
1334	57 
1335	17 
1336	82 
1337	82 
1338	14 
1339	11 
1340	49 
1341	64 
1342	74 
1343	34 
1344	89 
1345	66 
1346	84 
1347	15 
1348	11 
1349	36 
1350	97 
1351	85 
1352	3 
1353	78 
1354	69 
1355	38 
1356	49 
1357	97 
1358	28 
1359	98 
1360	92 
1361	8 
1362	71 
1363	40 
1364	38 
1365	69 
1366	3 
1367	26 
1368	53 
1369	64 
1370	73 
1371	42 
1372	83 
1373	14 
1374	7 
1375	84 
1376	93 
1377	93 
1378	102 
1379	38 
1380	31 
1381	2 
1382	80 
1383	85 
1384	15 
1385	89 
1386	53 
1387	89 
1388	37 
1389	20 
1390	79 
1391	84 
1392	44 
1393	80 
1394	84 
1395	90 
1396	90 
1397	44 
1398	7 
1399	66 
1400	79 
1401	98 
1402	82 
1403	85 
1404	49 
1405	98 
1406	17 
1407	87 
1408	15 
1409	18 
1410	56 
1411	21 
1412	49 
1413	18 
1414	53 
1415	33 
1416	104 
1417	60 
1418	19 
1419	64 
1420	11 
1421	102 
1422	65 
1423	38 
1424	5 
1425	99 
1426	87 
1427	40 
1428	92 
1429	65 
1430	13 
1431	35 
1432	56 
1433	86 
1434	16 
1435	86 
1436	98 
1437	15 
1438	71 
1439	41 
1440	102 
1441	12 
1442	17 
1443	69 
1444	33 
1445	10 
1446	50 
1447	54 
1448	104 
1449	46 
1450	16 
1451	67 
1452	51 
1453	38 
1454	64 
1455	7 
1456	51 
1457	81 
1458	15 
1459	13 
1460	26 
1461	31 
1462	28 
1463	17 
1464	2 
1465	89 
1466	72 
1467	84 
1468	98 
1469	41 
1470	9 
1471	15 
1472	59 
1473	72 
1474	74 
1475	74 
1476	64 
1477	41 
1478	30 
1479	30 
1480	14 
1481	101 
1482	78 
1483	51 
1484	28 
1485	93 
1486	79 
1487	93 
1488	69 
1489	30 
1490	15 
1491	39 
1492	22 
1493	2 
1494	101 
1495	88 
1496	56 
1497	23 
1498	84 
1499	7 
1500	79 
1501	84 
1502	92 
1503	48 
1504	34 
1505	91 
1506	34 
1507	93 
1508	71 
1509	6 
1510	87 
1511	57 
1512	96 
1513	57 
1514	97 
1515	43 
1516	7 
1517	39 
1518	98 
1519	98 
1520	62 
1521	64 
1522	85 
1523	13 
1524	21 
1525	31 
1526	33 
1527	81 
1528	69 
1529	60 
1530	40 
1531	66 
1532	11 
1533	78 
1534	57 
1535	14 
1536	2 
1537	79 
1538	30 
1539	76 
1540	76 
1541	75 
1542	26 
1543	34 
1544	28 
1545	72 
1546	27 
1547	98 
1548	33 
1549	60 
1550	67 
1551	75 
1552	58 
1553	88 
1554	100 
1555	6 
1556	15 
1557	83 
1558	71 
1559	84 
1560	60 
1561	2 
1562	52 
1563	62 
1564	4 
1565	63 
1566	31 
1567	27 
1568	49 
1569	3 
1570	43 
1571	38 
1572	17 
1573	80 
1574	15 
1575	90 
1576	33 
1577	61 
1578	28 
1579	15 
1580	17 
1581	44 
1582	47 
1583	52 
1584	42 
1585	21 
1586	56 
1587	15 
1588	95 
1589	34 
1590	32 
1591	89 
1592	60 
1593	45 
1594	71 
1595	7 
1596	87 
1597	80 
1598	71 
1599	73 
1600	62 
1601	85 
1602	47 
1603	56 
1604	46 
1605	13 
1606	34 
1607	69 
1608	20 
1609	22 
1610	34 
1611	63 
1612	103 
1613	38 
1614	2 
1615	42 
1616	48 
1617	56 
1618	34 
1619	90 
1620	28 
1621	96 
1622	29 
1623	22 
1624	104 
1625	76 
1626	34 
1627	7 
1628	72 
1629	19 
1630	7 
1631	83 
1632	1 
1633	64 
1634	16 
1635	84 
1636	3 
1637	15 
1638	14 
1639	2 
1640	15 
1641	19 
1642	12 
1643	51 
1644	17 
1645	34 
1646	79 
1647	74 
1648	41 
1649	41 
1650	71 
1651	43 
1652	38 
1653	4 
1654	51 
1655	89 
1656	35 
1657	56 
1658	34 
1659	31 
1660	53 
1661	21 
1662	91 
1663	52 
1664	41 
1665	45 
1666	27 
1667	45 
1668	57 
1669	8 
1670	104 
1671	46 
1672	75 
1673	51 
1674	68 
1675	69 
1676	84 
1677	61 
1678	75 
1679	30 
1680	64 
1681	2 
1682	83 
1683	73 
1684	31 
1685	90 
1686	66 
1687	35 
1688	59 
1689	48 
1690	53 
1691	10 
1692	21 
1693	46 
1694	97 
1695	82 
1696	31 
1697	81 
1698	50 
1699	102 
1700	33 
1701	87 
1702	26 
1703	28 
1704	43 
1705	13 
1706	17 
1707	85 
1708	3 
1709	67 
1710	7 
1711	104 
1712	20 
1713	60 
1714	64 
1715	55 
1716	56 
1717	84 
1718	89 
1719	69 
1720	104 
1721	60 
1722	45 
1723	50 
1724	67 
1725	51 
1726	37 
1727	15 
1728	63 
1729	28 
1730	43 
1731	21 
1732	50 
1733	42 
1734	48 
1735	89 
1736	35 
1737	92 
1738	80 
1739	38 
1740	32 
1741	64 
1742	10 
1743	43 
1744	15 
1745	1 
1746	89 
1747	82 
1748	59 
1749	20 
1750	56 
1751	99 
1752	93 
1753	30 
1754	52 
1755	19 
1756	34 
1757	7 
1758	53 
1759	64 
1760	31 
1761	31 
1762	5 
1763	43 
1764	21 
1765	13 
1766	32 
1767	58 
1768	85 
1769	21 
1770	29 
1771	9 
1772	90 
1773	39 
1774	9 
1775	63 
1776	38 
1777	74 
1778	94 
1779	58 
1780	74 
1781	50 
1782	72 
1783	19 
1784	79 
1785	46 
1786	3 
1787	34 
1788	41 
1789	15 
1790	45 
1791	16 
1792	35 
1793	91 
1794	10 
1795	61 
1796	20 
1797	21 
1798	61 
1799	43 
1800	14 
1801	14 
1802	35 
1803	63 
1804	43 
1805	85 
1806	74 
1807	76 
1808	33 
1809	41 
1810	94 
1811	29 
1812	61 
1813	60 
1814	14 
1815	84 
1816	15 
1817	53 
1818	79 
1819	69 
1820	29 
1821	12 
1822	98 
1823	15 
1824	93 
1825	61 
1826	52 
1827	43 
1828	6 
1829	41 
1830	9 
1831	32 
1832	53 
1833	55 
1834	50 
1835	61 
1836	80 
1837	38 
1838	17 
1839	60 
1840	80 
1841	70 
1842	63 
1843	88 
1844	58 
1845	14 
1846	61 
1847	33 
1848	78 
1849	50 
1850	34 
1851	46 
1852	66 
1853	30 
1854	75 
1855	46 
1856	69 
1857	39 
1858	55 
1859	47 
1860	39 
1861	61 
1862	2 
1863	54 
1864	6 
1865	52 
1866	74 
1867	70 
1868	41 
1869	60 
1870	41 
1871	83 
1872	96 
1873	18 
1874	57 
1875	76 
1876	8 
1877	15 
1878	24 
1879	52 
1880	5 
1881	15 
1882	75 
1883	61 
1884	30 
1885	46 
1886	65 
1887	15 
1888	48 
1889	8 
1890	34 
1891	72 
1892	45 
1893	74 
1894	58 
1895	18 
1896	13 
1897	30 
1898	54 
1899	93 
1900	91 
1901	2 
1902	85 
1903	104 
1904	13 
1905	11 
1906	38 
1907	89 
1908	83 
1909	7 
1910	43 
1911	30 
1912	38 
1913	76 
1914	19 
1915	102 
1916	70 
1917	98 
1918	66 
1919	80 
1920	34 
1921	49 
1922	17 
1923	54 
1924	103 
1925	16 
1926	101 
1927	98 
1928	64 
1929	66 
1930	23 
1931	13 
1932	11 
1933	44 
1934	45 
1935	62 
1936	76 
1937	21 
1938	81 
1939	63 
1940	103 
1941	67 
1942	69 
1943	56 
1944	32 
1945	53 
1946	103 
1947	14 
1948	33 
1949	43 
1950	53 
1951	75 
1952	30 
1953	85 
1954	80 
1955	29 
1956	103 
1957	43 
1958	88 
1959	14 
1960	58 
1961	53 
1962	65 
1963	18 
1964	72 
1965	34 
1966	56 
1967	16 
1968	49 
1969	2 
1970	34 
1971	64 
1972	5 
1973	74 
1974	13 
1975	84 
1976	6 
1977	86 
1978	47 
1979	40 
1980	76 
1981	19 
1982	1 
1983	73 
1984	85 
1985	52 
1986	19 
1987	55 
1988	56 
1989	33 
1990	11 
1991	30 
1992	22 
1993	89 
1994	63 
1995	21 
1996	52 
1997	61 
1998	81 
1999	90 
2000	99 
2001	20 
2002	84 
2003	71 
2004	60 
2005	24 
2006	21 
2007	14 
2008	88 
2009	66 
2010	84 
2011	80 
2012	51 
2013	31 
2014	69 
2015	21 
2016	69 
2017	93 
2018	34 
2019	34 
2020	9 
2021	60 
2022	44 
2023	46 
2024	85 
2025	60 
2026	80 
2027	53 
2028	31 
2029	57 
2030	30 
2031	4 
2032	33 
2033	50 
2034	56 
2035	78 
2036	34 
2037	64 
2038	69 
2039	32 
2040	16 
2041	56 
2042	45 
2043	84 
2044	38 
2045	88 
2046	92 
2047	26 
2048	90 
2049	7 
2050	17 
2051	95 
2052	75 
2053	100 
2054	96 
2055	45 
2056	47 
2057	74 
2058	35 
2059	12 
2060	19 
2061	81 
2062	6 
2063	4 
2064	71 
2065	56 
2066	50 
2067	45 
2068	20 
2069	66 
2070	82 
2071	13 
2072	8 
2073	9 
2074	89 
2075	40 
2076	56 
2077	53 
2078	85 
2079	80 
2080	19 
2081	69 
2082	13 
2083	84 
2084	66 
2085	78 
2086	29 
2087	49 
2088	38 
2089	36 
2090	67 
2091	62 
2092	2 
2093	60 
2094	49 
2095	60 
2096	41 
2097	34 
2098	90 
2099	63 
2100	103 
2101	58 
2102	78 
2103	102 
2104	21 
2105	74 
2106	77 
2107	49 
2108	54 
2109	17 
2110	16 
2111	90 
2112	86 
2113	43 
2114	30 
2115	55 
2116	31 
2117	44 
2118	14 
2119	13 
2120	55 
2121	46 
2122	49 
2123	56 
2124	80 
2125	83 
2126	18 
2127	19 
2128	72 
2129	16 
2130	17 
2131	71 
2132	70 
2133	82 
2134	13 
2135	84 
2136	85 
2137	55 
2138	41 
2139	46 
2140	46 
2141	63 
2142	97 
2143	58 
2144	50 
2145	82 
2146	61 
2147	30 
2148	35 
2149	74 
2150	102 
2151	69 
2152	40 
2153	99 
2154	56 
2155	19 
2156	8 
2157	5 
2158	66 
2159	35 
2160	89 
2161	93 
2162	44 
2163	83 
2164	38 
2165	72 
2166	60 
2167	85 
2168	8 
2169	90 
2170	83 
2171	86 
2172	31 
2173	53 
2174	66 
2175	25 
2176	95 
2177	12 
2178	100 
2179	73 
2180	47 
2181	88 
2182	36 
2183	41 
2184	22 
2185	80 
2186	6 
2187	71 
2188	58 
2189	3 
2190	89 
2191	5 
2192	79 
2193	69 
2194	92 
2195	32 
2196	34 
2197	71 
2198	61 
2199	38 
2200	84 
2201	80 
2202	55 
2203	84 
2204	29 
2205	99 
2206	8 
2207	12 
2208	66 
2209	8 
2210	45 
2211	57 
2212	61 
2213	45 
2214	11 
2215	79 
2216	24 
2217	30 
2218	2 
2219	16 
2220	104 
2221	84 
2222	43 
2223	58 
2224	50 
2225	50 
2226	67 
2227	79 
2228	57 
2229	53 
2230	23 
2231	17 
2232	11 
2233	56 
2234	53 
2235	53 
2236	12 
2237	81 
2238	72 
2239	84 
2240	31 
2241	45 
2242	62 
2243	101 
2244	6 
2245	98 
2246	5 
2247	30 
2248	80 
2249	54 
2250	30 
2251	14 
2252	7 
2253	71 
2254	58 
2255	47 
2256	83 
2257	71 
2258	17 
2259	41 
2260	21 
2261	67 
2262	50 
2263	53 
2264	23 
2265	37 
2266	39 
2267	24 
2268	24 
2269	92 
2270	53 
2271	90 
2272	29 
2273	16 
2274	6 
2275	84 
2276	51 
2277	36 
2278	41 
2279	48 
2280	13 
2281	25 
2282	69 
2283	78 
2284	61 
2285	100 
2286	56 
2287	15 
2288	6 
2289	51 
2290	84 
2291	38 
2292	21 
2293	94 
2294	56 
2295	80 
2296	90 
2297	30 
2298	89 
2299	94 
2300	61 
2301	95 
2302	1 
2303	98 
2304	92 
2305	50 
2306	59 
2307	19 
2308	76 
2309	86 
2310	31 
2311	38 
2312	53 
2313	5 
2314	21 
2315	10 
2316	51 
2317	69 
2318	30 
2319	67 
2320	34 
2321	85 
2322	30 
2323	87 
2324	14 
2325	57 
2326	88 
2327	30 
2328	18 
2329	56 
2330	56 
2331	52 
2332	77 
2333	84 
2334	21 
2335	30 
2336	55 
2337	22 
2338	60 
2339	50 
2340	92 
2341	14 
2342	5 
2343	14 
2344	42 
2345	75 
2346	75 
2347	71 
2348	90 
2349	16 
2350	41 
2351	50 
2352	87 
2353	102 
2354	19 
2355	78 
2356	19 
2357	79 
2358	99 
2359	6 
2360	100 
2361	76 
2362	33 
2363	22 
2364	79 
2365	15 
2366	44 
2367	93 
2368	29 
2369	53 
2370	69 
2371	54 
2372	44 
2373	81 
2374	27 
2375	38 
2376	83 
2377	84 
2378	18 
2379	57 
2380	60 
2381	55 
2382	88 
2383	6 
2384	71 
2385	58 
2386	94 
2387	84 
2388	5 
2389	102 
2390	5 
2391	71 
2392	56 
2393	44 
2394	11 
2395	104 
2396	80 
2397	53 
2398	89 
2399	56 
2400	42 
2401	45 
2402	30 
2403	91 
2404	31 
2405	56 
2406	80 
2407	52 
2408	46 
2409	40 
2410	69 
2411	43 
2412	34 
2413	49 
2414	58 
2415	86 
2416	38 
2417	104 
2418	92 
2419	83 
2420	50 
2421	101 
2422	5 
2423	73 
2424	83 
2425	21 
2426	56 
2427	56 
2428	53 
2429	50 
2430	90 
2431	89 
2432	89 
2433	102 
2434	35 
2435	35 
2436	98 
2437	91 
2438	3 
2439	57 
2440	47 
2441	60 
2442	76 
2443	44 
2444	39 
2445	91 
2446	51 
2447	61 
2448	77 
2449	45 
2450	61 
2451	103 
2452	4 
2453	44 
2454	66 
2455	88 
2456	72 
2457	34 
2458	56 
2459	49 
2460	84 
2461	32 
2462	30 
2463	67 
2464	59 
2465	56 
2466	41 
2467	71 
2468	1 
2469	87 
2470	69 
2471	30 
2472	54 
2473	97 
2474	8 
2475	2 
2476	103 
2477	75 
2478	13 
2479	33 
2480	61 
2481	69 
2482	48 
2483	92 
2484	75 
2485	60 
2486	46 
2487	84 
2488	45 
2489	58 
2490	17 
2491	55 
2492	78 
2493	19 
2494	3 
2495	53 
2496	75 
2497	46 
2498	60 
2499	10 
2500	13 
2501	82 
2502	89 
2503	24 
2504	19 
2505	42 
2506	97 
2507	71 
2508	22 
2509	89 
2510	100 
2511	30 
2512	32 
2513	65 
2514	14 
2515	83 
2516	30 
2517	66 
2518	17 
2519	55 
2520	75 
2521	34 
2522	103 
2523	58 
2524	71 
2525	52 
2526	69 
2527	102 
2528	87 
2529	95 
2530	42 
2531	79 
2532	38 
2533	70 
2534	11 
2535	4 
2536	67 
2537	31 
2538	21 
2539	71 
2540	26 
2541	104 
2542	28 
2543	101 
2544	84 
2545	42 
2546	102 
2547	91 
2548	58 
2549	45 
2550	79 
2551	72 
2552	76 
2553	68 
2554	83 
2555	97 
2556	102 
2557	34 
2558	50 
2559	72 
2560	95 
2561	53 
2562	21 
2563	30 
2564	53 
2565	102 
2566	5 
2567	34 
2568	63 
2569	56 
2570	9 
2571	8 
2572	8 
2573	56 
2574	64 
2575	9 
2576	51 
2577	66 
2578	2 
2579	85 
2580	46 
2581	91 
2582	60 
2583	17 
2584	77 
2585	96 
2586	19 
2587	33 
2588	55 
2589	78 
2590	72 
2591	61 
2592	86 
2593	77 
2594	16 
2595	42 
2596	56 
2597	53 
2598	83 
2599	6 
2600	30 
2601	67 
2602	67 
2603	76 
2604	76 
2605	57 
2606	61 
2607	95 
2608	40 
2609	86 
2610	64 
2611	88 
2612	31 
2613	88 
2614	14 
2615	93 
2616	50 
2617	70 
2618	42 
2619	8 
2620	71 
2621	33 
2622	84 
2623	31 
2624	21 
2625	73 
2626	74 
2627	49 
2628	39 
2629	92 
2630	83 
2631	18 
2632	45 
2633	32 
2634	26 
2635	34 
2636	82 
2637	39 
2638	81 
2639	60 
2640	35 
2641	71 
2642	15 
2643	4 
2644	63 
2645	7 
2646	19 
2647	58 
2648	60 
2649	55 
2650	8 
2651	83 
2652	34 
2653	39 
2654	51 
2655	24 
2656	59 
2657	96 
2658	85 
2659	70 
2660	68 
2661	58 
2662	20 
2663	10 
2664	61 
2665	21 
2666	34 
2667	50 
2668	51 
2669	9 
2670	1 
2671	53 
2672	99 
2673	15 
2674	45 
2675	44 
2676	30 
2677	90 
2678	85 
2679	76 
2680	99 
2681	104 
2682	45 
2683	63 
2684	61 
2685	69 
2686	69 
2687	57 
2688	48 
2689	92 
2690	43 
2691	39 
2692	32 
2693	71 
2694	101 
2695	55 
2696	33 
2697	2 
2698	38 
2699	45 
2700	12 
2701	31 
2702	74 
2703	97 
2704	78 
2705	94 
2706	42 
2707	74 
2708	4 
2709	36 
2710	86 
2711	66 
2712	53 
2713	69 
2714	31 
2715	61 
2716	10 
2717	84 
2718	64 
2719	9 
2720	80 
2721	21 
2722	80 
2723	104 
2724	103 
2725	85 
2726	100 
2727	14 
2728	33 
2729	83 
2730	103 
2731	17 
2732	14 
2733	34 
2734	59 
2735	66 
2736	80 
2737	63 
2738	2 
2739	79 
2740	5 
2741	6 
2742	57 
2743	89 
2744	81 
2745	71 
2746	14 
2747	19 
2748	91 
2749	62 
2750	18 
2751	102 
2752	63 
2753	9 
2754	7 
2755	39 
2756	50 
2757	88 
2758	76 
2759	87 
2760	72 
2761	86 
2762	76 
2763	92 
2764	2 
2765	56 
2766	15 
2767	103 
2768	31 
2769	13 
2770	32 
2771	66 
2772	32 
2773	26 
2774	43 
2775	50 
2776	4 
2777	18 
2778	50 
2779	69 
2780	51 
2781	91 
2782	90 
2783	13 
2784	13 
2785	30 
2786	63 
2787	103 
2788	100 
2789	44 
2790	69 
2791	24 
2792	53 
2793	92 
2794	81 
2795	91 
2796	72 
2797	59 
2798	71 
2799	88 
2800	22 
2801	24 
2802	69 
2803	85 
2804	56 
2805	18 
2806	63 
2807	99 
2808	68 
2809	17 
2810	66 
2811	25 
2812	55 
2813	24 
2814	46 
2815	44 
2816	93 
2817	93 
2818	69 
2819	54 
2820	99 
2821	53 
2822	13 
2823	67 
2824	61 
2825	42 
2826	35 
2827	38 
2828	15 
2829	19 
2830	16 
2831	46 
2832	4 
2833	31 
2834	40 
2835	72 
2836	44 
2837	46 
2838	14 
2839	63 
2840	58 
2841	97 
2842	103 
2843	35 
2844	48 
2845	85 
2846	19 
2847	79 
2848	73 
2849	31 
2850	91 
2851	87 
2852	61 
2853	86 
2854	71 
2855	55 
2856	83 
2857	14 
2858	91 
2859	98 
2860	21 
2861	61 
2862	51 
2863	70 
2864	19 
2865	14 
2866	6 
2867	42 
2868	46 
2869	74 
2870	56 
2871	83 
2872	64 
2873	83 
2874	62 
2875	59 
2876	8 
2877	74 
2878	104 
2879	103 
2880	13 
2881	41 
2882	47 
2883	2 
2884	103 
2885	16 
2886	8 
2887	82 
2888	104 
2889	14 
2890	76 
2891	11 
2892	18 
2893	30 
2894	86 
2895	66 
2896	16 
2897	48 
2898	33 
2899	43 
2900	44 
2901	14 
2902	66 
2903	78 
2904	37 
2905	91 
2906	50 
2907	43 
2908	3 
2909	46 
2910	42 
2911	45 
2912	96 
2913	61 
2914	9 
2915	41 
2916	73 
2917	71 
2918	79 
2919	79 
2920	59 
2921	56 
2922	17 
2923	13 
2924	61 
2925	102 
2926	21 
2927	52 
2928	53 
2929	55 
2930	92 
2931	90 
2932	68 
2933	55 
2934	69 
2935	22 
2936	70 
2937	72 
2938	12 
2939	70 
2940	28 
2941	53 
2942	102 
2943	91 
2944	95 
2945	15 
2946	55 
2947	102 
2948	89 
2949	44 
2950	92 
2951	88 
2952	54 
2953	19 
2954	50 
2955	79 
2956	69 
2957	104 
2958	44 
2959	56 
2960	4 
2961	28 
2962	21 
2963	14 
2964	15 
2965	11 
2966	93 
2967	80 
2968	39 
2969	55 
2970	88 
2971	101 
2972	80 
2973	78 
2974	103 
2975	102 
2976	45 
2977	34 
2978	64 
2979	101 
2980	89 
2981	4 
2982	3 
2983	104 
2984	77 
2985	15 
2986	57 
2987	69 
2988	64 
2989	50 
2990	45 
2991	93 
2992	95 
2993	1 
2994	72 
2995	83 
2996	19 
2997	56 
2998	69 
2999	76 
3000	21 
3001	103 
3002	76 
3003	101 
3004	21 
3005	101 
3006	53 
3007	32 
3008	61 
3009	53 
3010	50 
3011	103 
3012	35 
3013	17 
3014	56 
3015	45 
3016	68 
3017	99 
3018	72 
3019	11 
3020	76 
3021	14 
3022	2 
3023	66 
3024	12 
3025	79 
3026	101 
3027	1 
3028	80 
3029	97 
3030	4 
3031	21 
3032	90 
3033	71 
3034	26 
3035	80 
3036	6 
3037	35 
3038	74 
3039	64 
3040	23 
3041	21 
3042	49 
3043	2 
3044	72 
3045	65 
3046	44 
3047	101 
3048	31 
3049	101 
3050	32 
3051	19 
3052	49 
3053	17 
3054	79 
3055	27 
3056	55 
3057	102 
3058	49 
3059	54 
3060	46 
3061	12 
3062	73 
3063	66 
3064	61 
3065	34 
3066	38 
3067	14 
3068	25 
3069	3 
3070	27 
3071	12 
3072	69 
3073	103 
3074	85 
3075	87 
3076	30 
3077	69 
3078	37 
3079	56 
3080	17 
3081	38 
3082	92 
3083	88 
3084	37 
3085	61 
3086	24 
3087	63 
3088	100 
3089	41 
3090	30 
3091	85 
3092	82 
3093	88 
3094	38 
3095	36 
3096	71 
3097	97 
3098	84 
3099	19 
3100	37 
3101	88 
3102	104 
3103	50 
3104	95 
3105	48 
3106	55 
3107	90 
3108	11 
3109	52 
3110	96 
3111	94 
3112	16 
3113	69 
3114	68 
3115	18 
3116	17 
3117	53 
3118	15 
3119	38 
3120	6 
3121	66 
3122	88 
3123	59 
3124	35 
3125	14 
3126	47 
3127	9 
3128	34 
3129	46 
3130	91 
3131	5 
3132	32 
3133	43 
3134	85 
3135	90 
3136	102 
3137	17 
3138	66 
3139	3 
3140	78 
3141	78 
3142	73 
3143	88 
3144	11 
3145	41 
3146	1 
3147	38 
3148	102 
3149	18 
3150	11 
3151	14 
3152	82 
3153	56 
3154	56 
3155	38 
3156	49 
3157	102 
3158	21 
3159	53 
3160	89 
3161	87 
3162	77 
3163	55 
3164	102 
3165	7 
3166	71 
3167	61 
3168	75 
3169	29 
3170	31 
3171	55 
3172	38 
3173	32 
3174	92 
3175	38 
3176	13 
3177	102 
3178	45 
3179	6 
3180	17 
3181	61 
3182	20 
3183	48 
3184	69 
3185	102 
3186	88 
3187	15 
3188	85 
3189	49 
3190	28 
3191	53 
3192	15 
3193	49 
3194	82 
3195	38 
3196	24 
3197	83 
3198	23 
3199	85 
3200	23 
3201	98 
3202	43 
3203	33 
3204	13 
3205	104 
3206	20 
3207	30 
3208	8 
3209	2 
3210	51 
3211	83 
3212	1 
3213	2 
3214	96 
3215	69 
3216	31 
3217	91 
3218	41 
3219	12 
3220	33 
3221	25 
3222	13 
3223	81 
3224	20 
3225	38 
3226	99 
3227	71 
3228	68 
3229	102 
3230	30 
3231	25 
3232	72 
3233	67 
3234	49 
3235	97 
3236	58 
3237	45 
3238	71 
3239	19 
3240	102 
3241	11 
3242	11 
3243	21 
3244	104 
3245	38 
3246	77 
3247	2 
3248	47 
3249	64 
3250	58 
3251	51 
3252	101 
3253	15 
3254	51 
3255	15 
3256	103 
3257	28 
3258	62 
3259	55 
3260	37 
3261	20 
3262	44 
3263	2 
3264	71 
3265	43 
3266	85 
3267	88 
3268	91 
3269	16 
3270	72 
3271	35 
3272	102 
3273	61 
3274	20 
3275	102 
3276	11 
3277	76 
3278	13 
3279	34 
3280	8 
3281	72 
3282	19 
3283	50 
3284	43 
3285	75 
3286	45 
3287	80 
3288	56 
3289	83 
3290	40 
3291	61 
3292	35 
3293	13 
3294	71 
3295	7 
3296	31 
3297	27 
3298	43 
3299	5 
3300	27 
3301	7 
3302	74 
3303	104 
3304	58 
3305	78 
3306	66 
3307	90 
3308	79 
3309	66 
3310	59 
3311	85 
3312	90 
3313	53 
3314	83 
3315	89 
3316	77 
3317	51 
3318	37 
3319	32 
3320	87 
3321	35 
3322	28 
3323	52 
3324	46 
3325	16 
3326	35 
3327	13 
3328	60 
3329	66 
3330	38 
3331	58 
3332	84 
3333	21 
3334	13 
3335	17 
3336	38 
3337	18 
3338	58 
3339	72 
3340	8 
3341	82 
3342	43 
3343	31 
3344	28 
3345	45 
3346	85 
3347	102 
3348	29 
3349	75 
3350	34 
3351	52 
3352	9 
3353	101 
3354	57 
3355	80 
3356	1 
3357	43 
3358	95 
3359	50 
3360	60 
3361	7 
3362	90 
3363	46 
3364	44 
3365	85 
3366	21 
3367	43 
3368	64 
3369	78 
3370	88 
3371	58 
3372	30 
3373	55 
3374	77 
3375	14 
3376	104 
3377	29 
3378	28 
3379	58 
3380	43 
3381	28 
3382	100 
3383	84 
3384	57 
3385	21 
3386	84 
3387	21 
3388	6 
3389	29 
3390	81 
3391	101 
3392	34 
3393	57 
3394	59 
3395	57 
3396	29 
3397	38 
3398	98 
3399	49 
3400	34 
3401	72 
3402	17 
3403	21 
3404	73 
3405	21 
3406	63 
3407	49 
3408	1 
3409	99 
3410	82 
3411	64 
3412	45 
3413	40 
3414	80 
3415	55 
3416	49 
3417	81 
3418	102 
3419	101 
3420	52 
3421	104 
3422	49 
3423	19 
3424	30 
3425	31 
3426	80 
3427	43 
3428	91 
3429	74 
3430	78 
3431	71 
3432	92 
3433	82 
3434	84 
3435	26 
3436	12 
3437	58 
3438	55 
3439	71 
3440	87 
3441	38 
3442	64 
3443	84 
3444	42 
3445	16 
3446	58 
3447	81 
3448	83 
3449	50 
3450	15 
3451	56 
3452	23 
3453	49 
3454	75 
3455	35 
3456	16 
3457	99 
3458	101 
3459	33 
3460	61 
3461	64 
3462	76 
3463	46 
3464	21 
3465	31 
3466	60 
3467	71 
3468	46 
3469	83 
3470	69 
3471	55 
3472	82 
3473	30 
3474	80 
3475	85 
3476	11 
3477	18 
3478	97 
3479	26 
3480	55 
3481	18 
3482	55 
3483	19 
3484	21 
3485	102 
3486	97 
3487	45 
3488	58 
3489	40 
3490	49 
3491	17 
3492	64 
3493	22 
3494	13 
3495	31 
3496	39 
3497	30 
3498	68 
3499	59 
3500	64 
3501	7 
3502	31 
3503	15 
3504	17 
3505	90 
3506	16 
3507	34 
3508	25 
3509	63 
3510	53 
3511	71 
3512	53 
3513	84 
3514	8 
3515	67 
3516	26 
3517	13 
3518	53 
3519	64 
3520	79 
3521	13 
3522	85 
3523	25 
3524	16 
3525	41 
3526	21 
3527	101 
3528	41 
3529	15 
3530	43 
3531	80 
3532	81 
3533	75 
3534	13 
3535	10 
3536	17 
3537	13 
3538	46 
3539	46 
3540	80 
3541	44 
3542	36 
3543	25 
3544	60 
3545	11 
3546	13 
3547	5 
3548	1 
3549	35 
3550	55 
3551	82 
3552	71 
3553	18 
3554	100 
3555	38 
3556	66 
3557	13 
3558	32 
3559	80 
3560	7 
3561	69 
3562	60 
3563	18 
3564	85 
3565	71 
3566	71 
3567	38 
3568	41 
3569	64 
3570	90 
3571	35 
3572	63 
3573	15 
3574	15 
3575	102 
3576	37 
3577	19 
3578	45 
3579	85 
3580	66 
3581	92 
3582	30 
3583	1 
3584	77 
3585	51 
3586	68 
3587	55 
3588	41 
3589	60 
3590	43 
3591	19 
3592	80 
3593	46 
3594	93 
3595	38 
3596	85 
3597	32 
3598	104 
3599	47 
3600	16 
3601	60 
3602	15 
3603	15 
3604	38 
3605	79 
3606	51 
3607	80 
3608	81 
3609	18 
3610	47 
3611	57 
3612	50 
3613	8 
3614	53 
3615	17 
3616	95 
3617	28 
3618	6 
3619	31 
3620	57 
3621	47 
3622	41 
3623	46 
3624	28 
3625	80 
3626	30 
3627	61 
3628	6 
3629	28 
3630	89 
3631	76 
3632	21 
3633	13 
3634	83 
3635	45 
3636	83 
3637	34 
3638	56 
3639	61 
3640	45 
3641	17 
3642	32 
3643	60 
3644	92 
3645	72 
3646	19 
3647	92 
3648	58 
3649	79 
3650	19 
3651	10 
3652	88 
3653	31 
3654	34 
3655	5 
3656	20 
3657	103 
3658	84 
3659	66 
3660	61 
3661	85 
3662	100 
3663	57 
3664	19 
3665	5 
3666	27 
3667	52 
3668	71 
3669	10 
3670	102 
3671	89 
3672	78 
3673	10 
3674	98 
3675	61 
3676	9 
3677	16 
3678	59 
3679	46 
3680	37 
3681	14 
3682	94 
3683	80 
3684	15 
3685	55 
3686	59 
3687	13 
3688	93 
3689	87 
3690	21 
3691	83 
3692	36 
3693	11 
3694	100 
3695	37 
3696	19 
3697	68 
3698	53 
3699	24 
3700	74 
3701	74 
3702	85 
3703	75 
3704	71 
3705	82 
3706	56 
3707	84 
3708	102 
3709	58 
3710	13 
3711	97 
3712	15 
3713	68 
3714	71 
3715	14 
3716	60 
3717	65 
3718	55 
3719	87 
3720	54 
3721	6 
3722	44 
3723	41 
3724	103 
3725	14 
3726	61 
3727	66 
3728	61 
3729	55 
3730	50 
3731	18 
3732	89 
3733	65 
3734	21 
3735	9 
3736	24 
3737	101 
3738	47 
3739	76 
3740	82 
3741	70 
3742	17 
3743	72 
3744	37 
3745	58 
3746	58 
3747	38 
3748	17 
3749	57 
3750	21 
3751	60 
3752	98 
3753	93 
3754	1 
3755	61 
3756	11 
3757	9 
3758	67 
3759	67 
3760	43 
3761	19 
3762	10 
3763	102 
3764	71 
3765	56 
3766	83 
3767	50 
3768	90 
3769	48 
3770	34 
3771	87 
3772	50 
3773	50 
3774	64 
3775	59 
3776	49 
3777	85 
3778	5 
3779	40 
3780	56 
3781	15 
3782	103 
3783	55 
3784	7 
3785	52 
3786	40 
3787	47 
3788	2 
3789	44 
3790	21 
3791	19 
3792	51 
3793	95 
3794	80 
3795	44 
3796	88 
3797	100 
3798	12 
3799	84 
3800	16 
3801	3 
3802	97 
3803	88 
3804	87 
3805	97 
3806	27 
3807	9 
3808	9 
3809	76 
3810	48 
3811	92 
3812	96 
3813	71 
3814	41 
3815	17 
3816	54 
3817	31 
3818	98 
3819	55 
3820	27 
3821	34 
3822	53 
3823	85 
3824	90 
3825	32 
3826	71 
3827	30 
3828	50 
3829	23 
3830	103 
3831	67 
3832	16 
3833	25 
3834	38 
3835	85 
3836	46 
3837	56 
3838	1 
3839	36 
3840	85 
3841	82 
3842	46 
3843	85 
3844	51 
3845	11 
3846	72 
3847	15 
3848	53 
3849	82 
3850	18 
3851	100 
3852	39 
3853	58 
3854	82 
3855	44 
3856	53 
3857	56 
3858	69 
3859	46 
3860	28 
3861	38 
3862	32 
3863	49 
3864	70 
3865	88 
3866	52 
3867	89 
3868	71 
3869	69 
3870	41 
3871	41 
3872	49 
3873	55 
3874	59 
3875	13 
3876	19 
3877	72 
3878	9 
3879	100 
3880	18 
3881	11 
3882	47 
3883	49 
3884	61 
3885	44 
3886	85 
3887	92 
3888	94 
3889	57 
3890	19 
3891	63 
3892	68 
3893	102 
3894	59 
3895	46 
3896	102 
3897	88 
3898	59 
3899	2 
3900	82 
3901	34 
3902	16 
3903	28 
3904	77 
3905	3 
3906	92 
3907	66 
3908	94 
3909	5 
3910	19 
3911	74 
3912	13 
3913	80 
3914	16 
3915	80 
3916	56 
3917	91 
3918	104 
3919	103 
3920	13 
3921	21 
3922	30 
3923	80 
3924	15 
3925	13 
3926	88 
3927	50 
3928	90 
3929	10 
3930	62 
3931	87 
3932	21 
3933	55 
3934	21 
3935	53 
3936	88 
3937	56 
3938	81 
3939	46 
3940	9 
3941	103 
3942	20 
3943	55 
3944	75 
3945	57 
3946	88 
3947	3 
3948	45 
3949	43 
3950	15 
3951	31 
3952	42 
3953	80 
3954	48 
3955	75 
3956	60 
3957	30 
3958	38 
3959	83 
3960	36 
3961	63 
3962	41 
3963	85 
3964	57 
3965	88 
3966	84 
3967	85 
3968	84 
3969	66 
3970	11 
3971	30 
3972	80 
3973	60 
3974	6 
3975	13 
3976	63 
3977	96 
3978	28 
3979	60 
3980	68 
3981	24 
3982	8 
3983	84 
3984	21 
3985	60 
3986	98 
3987	48 
3988	33 
3989	53 
3990	83 
3991	60 
3992	31 
3993	64 
3994	15 
3995	14 
3996	84 
3997	66 
3998	15 
3999	85 
4000	85 
4001	53 
4002	32 
4003	74 
4004	46 
4005	52 
4006	86 
4007	86 
4008	64 
4009	37 
4010	9 
4011	17 
4012	78 
4013	65 
4014	4 
4015	6 
4016	89 
4017	31 
4018	41 
4019	64 
4020	49 
4021	96 
4022	90 
4023	17 
4024	21 
4025	21 
4026	49 
4027	19 
4028	84 
4029	49 
4030	59 
4031	58 
4032	103 
4033	82 
4034	53 
4035	12 
4036	25 
4037	62 
4038	45 
4039	80 
4040	59 
4041	85 
4042	3 
4043	26 
4044	22 
4045	31 
4046	43 
4047	32 
4048	16 
4049	33 
4050	96 
4051	21 
4052	83 
4053	72 
4054	10 
4055	73 
4056	98 
4057	72 
4058	93 
4059	76 
4060	2 
4061	97 
4062	50 
4063	67 
4064	14 
4065	60 
4066	44 
4067	38 
4068	72 
4069	14 
4070	43 
4071	14 
4072	19 
4073	1 
4074	90 
4075	50 
4076	17 
4077	90 
4078	34 
4079	48 
4080	14 
4081	28 
4082	67 
4083	16 
4084	16 
4085	56 
4086	92 
4087	84 
4088	52 
4089	102 
4090	14 
4091	8 
4092	59 
4093	73 
4094	61 
4095	15 
4096	21 
4097	17 
4098	38 
4099	32 
4100	8 
4101	58 
4102	11 
4103	102 
4104	38 
4105	37 
4106	81 
4107	90 
4108	12 
4109	88 
4110	47 
4111	85 
4112	31 
4113	49 
4114	56 
4115	50 
4116	41 
4117	77 
4118	91 
4119	21 
4120	101 
4121	70 
4122	57 
4123	4 
4124	28 
4125	85 
4126	50 
4127	35 
4128	20 
4129	34 
4130	82 
4131	26 
4132	53 
4133	71 
4134	40 
4135	7 
4136	41 
4137	59 
4138	63 
4139	46 
4140	67 
4141	43 
4142	24 
4143	72 
4144	97 
4145	14 
4146	6 
4147	84 
4148	81 
4149	92 
4150	50 
4151	51 
4152	88 
4153	68 
4154	85 
4155	6 
4156	5 
4157	50 
4158	71 
4159	67 
4160	18 
4161	17 
4162	17 
4163	85 
4164	46 
4165	86 
4166	73 
4167	32 
4168	36 
4169	74 
4170	83 
4171	88 
4172	66 
4173	53 
4174	6 
4175	55 
4176	47 
4177	104 
4178	47 
4179	45 
4180	92 
4181	66 
4182	61 
4183	61 
4184	20 
4185	20 
4186	54 
4187	5 
4188	75 
4189	53 
4190	55 
4191	28 
4192	90 
4193	18 
4194	37 
4195	81 
4196	61 
4197	74 
4198	5 
4199	14 
4200	10 
4201	16 
4202	88 
4203	35 
4204	65 
4205	34 
4206	69 
4207	45 
4208	95 
4209	8 
4210	60 
4211	75 
4212	84 
4213	46 
4214	80 
4215	69 
4216	16 
4217	84 
4218	10 
4219	35 
4220	84 
4221	36 
4222	74 
4223	50 
4224	75 
4225	3 
4226	38 
4227	97 
4228	44 
4229	89 
4230	38 
4231	66 
4232	72 
4233	31 
4234	59 
4235	84 
4236	60 
4237	45 
4238	9 
4239	60 
4240	6 
4241	10 
4242	94 
4243	72 
4244	34 
4245	3 
4246	64 
4247	23 
4248	47 
4249	19 
4250	46 
4251	17 
4252	78 
4253	68 
4254	59 
4255	97 
4256	103 
4257	79 
4258	69 
4259	23 
4260	102 
4261	55 
4262	72 
4263	61 
4264	58 
4265	12 
4266	82 
4267	43 
4268	53 
4269	16 
4270	6 
4271	41 
4272	49 
4273	51 
4274	31 
4275	48 
4276	28 
4277	11 
4278	101 
4279	32 
4280	56 
4281	5 
4282	53 
4283	43 
4284	49 
4285	30 
4286	19 
4287	48 
4288	84 
4289	30 
4290	26 
4291	35 
4292	18 
4293	38 
4294	9 
4295	22 
4296	45 
4297	55 
4298	16 
4299	30 
4300	53 
4301	75 
4302	55 
4303	71 
4304	30 
4305	80 
4306	55 
4307	57 
4308	21 
4309	95 
4310	19 
4311	58 
4312	45 
4313	21 
4314	71 
4315	41 
4316	56 
4317	63 
4318	36 
4319	46 
4320	69 
4321	55 
4322	41 
4323	30 
4324	61 
4325	103 
4326	93 
4327	56 
4328	91 
4329	53 
4330	59 
4331	64 
4332	53 
4333	14 
4334	38 
4335	2 
4336	41 
4337	16 
4338	101 
4339	51 
4340	94 
4341	90 
4342	39 
4343	77 
4344	90 
4345	82 
4346	1 
4347	34 
4348	94 
4349	90 
4350	50 
4351	57 
4352	80 
4353	66 
4354	71 
4355	84 
4356	49 
4357	28 
4358	52 
4359	14 
4360	93 
4361	67 
4362	59 
4363	30 
4364	87 
4365	81 
4366	76 
4367	88 
4368	79 
4369	97 
4370	31 
4371	57 
4372	61 
4373	74 
4374	76 
4375	41 
4376	53 
4377	32 
4378	75 
4379	83 
4380	15 
4381	46 
4382	62 
4383	15 
4384	85 
4385	19 
4386	65 
4387	90 
4388	66 
4389	29 
4390	3 
4391	92 
4392	61 
4393	45 
4394	31 
4395	52 
4396	81 
4397	61 
4398	19 
4399	13 
4400	13 
4401	38 
4402	58 
4403	43 
4404	19 
4405	53 
4406	84 
4407	67 
4408	70 
4409	52 
4410	58 
4411	49 
4412	51 
4413	40 
4414	21 
4415	30 
4416	15 
4417	31 
4418	30 
4419	89 
4420	8 
4421	19 
4422	45 
4423	28 
4424	1 
4425	96 
4426	60 
4427	104 
4428	55 
4429	90 
4430	61 
4431	21 
4432	40 
4433	46 
4434	34 
4435	84 
4436	66 
4437	55 
4438	53 
4439	79 
4440	45 
4441	21 
4442	46 
4443	77 
4444	51 
4445	98 
4446	59 
4447	13 
4448	74 
4449	65 
4450	79 
4451	4 
4452	30 
4453	93 
4454	59 
4455	89 
4456	30 
4457	28 
4458	4 
4459	33 
4460	27 
4461	62 
4462	14 
4463	16 
4464	41 
4465	17 
4466	45 
4467	83 
4468	86 
4469	79 
4470	27 
4471	41 
4472	11 
4473	22 
4474	91 
4475	8 
4476	84 
4477	101 
4478	28 
4479	21 
4480	17 
4481	34 
4482	2 
4483	83 
4484	23 
4485	75 
4486	43 
4487	95 
4488	34 
4489	60 
4490	88 
4491	63 
4492	14 
4493	84 
4494	97 
4495	57 
4496	80 
4497	59 
4498	75 
4499	69 
4500	51 
4501	36 
4502	45 
4503	27 
4504	75 
4505	63 
4506	43 
4507	83 
4508	58 
4509	51 
4510	59 
4511	28 
4512	33 
4513	18 
4514	57 
4515	55 
4516	78 
4517	87 
4518	72 
4519	77 
4520	57 
4521	62 
4522	83 
4523	47 
4524	82 
4525	79 
4526	60 
4527	41 
4528	102 
4529	91 
4530	99 
4531	68 
4532	18 
4533	6 
4534	88 
4535	80 
4536	55 
4537	63 
4538	15 
4539	59 
4540	45 
4541	50 
4542	94 
4543	46 
4544	83 
4545	45 
4546	31 
4547	17 
4548	55 
4549	64 
4550	65 
4551	31 
4552	85 
4553	90 
4554	53 
4555	16 
4556	41 
4557	93 
4558	41 
4559	45 
4560	69 
4561	64 
4562	61 
4563	46 
4564	63 
4565	38 
4566	71 
4567	27 
4568	75 
4569	53 
4570	75 
4571	50 
4572	16 
4573	64 
4574	2 
4575	68 
4576	37 
4577	79 
4578	38 
4579	82 
4580	94 
4581	84 
4582	58 
4583	75 
4584	38 
4585	15 
4586	56 
4587	23 
4588	58 
4589	7 
4590	64 
4591	40 
4592	72 
4593	69 
4594	42 
4595	80 
4596	55 
4597	28 
4598	13 
4599	89 
4600	82 
4601	89 
4602	41 
4603	45 
4604	72 
4605	74 
4606	66 
4607	8 
4608	10 
4609	99 
4610	2 
4611	58 
4612	41 
4613	62 
4614	102 
4615	9 
4616	14 
4617	56 
4618	55 
4619	46 
4620	31 
4621	66 
4622	34 
4623	82 
4624	46 
4625	38 
4626	73 
4627	52 
4628	5 
4629	41 
4630	25 
4631	48 
4632	15 
4633	39 
4634	7 
4635	92 
4636	74 
4637	21 
4638	15 
4639	89 
4640	85 
4641	46 
4642	69 
4643	21 
4644	6 
4645	16 
4646	103 
4647	85 
4648	30 
4649	59 
4650	71 
4651	87 
4652	74 
4653	16 
4654	90 
4655	34 
4656	52 
4657	23 
4658	16 
4659	81 
4660	17 
4661	13 
4662	32 
4663	45 
4664	63 
4665	86 
4666	44 
4667	85 
4668	84 
4669	85 
4670	48 
4671	79 
4672	34 
4673	18 
4674	72 
4675	95 
4676	11 
4677	89 
4678	24 
4679	45 
4680	81 
4681	90 
4682	100 
4683	34 
4684	22 
4685	38 
4686	41 
4687	46 
4688	33 
4689	33 
4690	7 
4691	38 
4692	78 
4693	71 
4694	45 
4695	89 
4696	75 
4697	62 
4698	23 
4699	82 
4700	13 
4701	66 
4702	38 
4703	77 
4704	29 
4705	91 
4706	50 
4707	80 
4708	50 
4709	54 
4710	104 
4711	7 
4712	57 
4713	53 
4714	31 
4715	67 
4716	89 
4717	15 
4718	93 
4719	70 
4720	88 
4721	72 
4722	71 
4723	30 
4724	11 
4725	56 
4726	82 
4727	72 
4728	100 
4729	64 
4730	53 
4731	19 
4732	40 
4733	81 
4734	39 
4735	92 
4736	65 
4737	57 
4738	3 
4739	81 
4740	23 
4741	103 
4742	63 
4743	69 
4744	84 
4745	85 
4746	38 
4747	64 
4748	101 
4749	58 
4750	23 
4751	32 
4752	34 
4753	27 
4754	19 
4755	19 
4756	14 
4757	20 
4758	33 
4759	103 
4760	30 
4761	103 
4762	17 
4763	31 
4764	88 
4765	43 
4766	15 
4767	75 
4768	18 
4769	49 
4770	56 
4771	23 
4772	18 
4773	41 
4774	12 
4775	31 
4776	55 
4777	88 
4778	88 
4779	84 
4780	15 
4781	37 
4782	66 
4783	64 
4784	66 
4785	15 
4786	33 
4787	15 
4788	28 
4789	31 
4790	21 
4791	6 
4792	18 
4793	15 
4794	34 
4795	48 
4796	45 
4797	8 
4798	56 
4799	26 
4800	14 
4801	76 
4802	63 
4803	15 
4804	84 
4805	62 
4806	81 
4807	64 
4808	46 
4809	53 
4810	53 
4811	44 
4812	61 
4813	30 
4814	70 
4815	103 
4816	4 
4817	7 
4818	74 
4819	49 
4820	11 
4821	80 
4822	1 
4823	54 
4824	61 
4825	16 
4826	21 
4827	34 
4828	76 
4829	35 
4830	93 
4831	61 
4832	100 
4833	59 
4834	37 
4835	103 
4836	14 
4837	99 
4838	59 
4839	78 
4840	34 
4841	59 
4842	35 
4843	45 
4844	36 
4845	26 
4846	43 
4847	53 
4848	60 
4849	90 
4850	45 
4851	103 
4852	49 
4853	55 
4854	19 
4855	46 
4856	5 
4857	58 
4858	15 
4859	59 
4860	69 
4861	72 
4862	90 
4863	78 
4864	102 
4865	32 
4866	34 
4867	53 
4868	85 
4869	30 
4870	48 
4871	47 
4872	53 
4873	13 
4874	45 
4875	48 
4876	45 
4877	65 
4878	9 
4879	7 
4880	11 
4881	102 
4882	56 
4883	28 
4884	16 
4885	39 
4886	38 
4887	57 
4888	26 
4889	15 
4890	42 
4891	45 
4892	88 
4893	7 
4894	39 
4895	43 
4896	15 
4897	55 
4898	15 
4899	45 
4900	10 
4901	21 
4902	15 
4903	102 
4904	46 
4905	72 
4906	33 
4907	29 
4908	83 
4909	54 
4910	67 
4911	79 
4912	17 
4913	13 
4914	7 
4915	74 
4916	96 
4917	61 
4918	21 
4919	80 
4920	104 
4921	76 
4922	89 
4923	43 
4924	27 
4925	51 
4926	2 
4927	80 
4928	30 
4929	74 
4930	99 
4931	104 
4932	54 
4933	77 
4934	43 
4935	85 
4936	12 
4937	72 
4938	63 
4939	76 
4940	78 
4941	65 
4942	37 
4943	34 
4944	57 
4945	66 
4946	62 
4947	9 
4948	48 
4949	46 
4950	50 
4951	49 
4952	11 
4953	15 
4954	103 
4955	60 
4956	95 
4957	32 
4958	19 
4959	2 
4960	23 
4961	10 
4962	33 
4963	58 
4964	74 
4965	58 
4966	92 
4967	45 
4968	16 
4969	102 
4970	77 
4971	66 
4972	72 
4973	93 
4974	69 
4975	61 
4976	76 
4977	60 
4978	39 
4979	68 
4980	19 
4981	15 
4982	80 
4983	47 
4984	95 
4985	81 
4986	50 
4987	3 
4988	31 
4989	56 
4990	58 
4991	34 
4992	66 
4993	90 
4994	50 
4995	101 
4996	71 
4997	73 
4998	19 
4999	69 
5000	90 
