1	6 
2	6 
3	3 
4	15 
5	12 
6	3 
7	1 
8	1 
9	7 
10	5 
11	3 
12	6 
13	6 
14	5 
15	7 
16	15 
17	1 
18	6 
19	7 
20	14 
21	5 
22	14 
23	3 
24	15 
25	6 
26	7 
27	6 
28	14 
29	7 
30	6 
31	7 
32	12 
33	5 
34	15 
35	11 
36	12 
37	6 
38	14 
39	4 
40	12 
41	7 
42	10 
43	12 
44	1 
45	7 
46	7 
47	15 
48	14 
49	7 
50	12 
51	3 
52	7 
53	14 
54	1 
55	8 
56	14 
57	3 
58	8 
59	5 
60	12 
61	7 
62	11 
63	12 
64	5 
65	1 
66	13 
67	3 
68	5 
69	11 
70	7 
71	12 
72	14 
73	5 
74	5 
75	2 
76	5 
77	10 
78	6 
79	12 
80	1 
81	12 
82	13 
83	7 
84	6 
85	6 
86	16 
87	12 
88	12 
89	6 
90	11 
91	10 
92	7 
93	12 
94	15 
95	11 
96	12 
97	1 
98	4 
99	8 
100	2 
101	5 
102	4 
103	4 
104	12 
105	16 
106	4 
107	17 
108	15 
109	12 
110	11 
111	11 
112	17 
113	7 
114	15 
115	6 
116	17 
117	14 
118	17 
119	6 
120	4 
121	11 
122	7 
123	13 
124	11 
125	6 
126	7 
127	7 
128	17 
129	6 
130	1 
131	12 
132	17 
133	13 
134	4 
135	9 
136	8 
137	6 
138	5 
139	4 
140	5 
141	14 
142	16 
143	13 
144	15 
145	16 
146	10 
147	9 
148	10 
149	17 
150	6 
151	9 
152	7 
153	12 
154	7 
155	11 
156	1 
157	6 
158	5 
159	9 
160	2 
161	13 
162	14 
163	11 
164	2 
165	11 
166	12 
167	2 
168	5 
169	14 
170	3 
171	15 
172	5 
173	7 
174	5 
175	5 
176	14 
177	3 
178	12 
179	1 
180	6 
181	7 
182	8 
183	17 
184	3 
185	8 
186	12 
187	10 
188	5 
189	10 
190	14 
191	3 
192	15 
193	1 
194	3 
195	3 
196	8 
197	11 
198	5 
199	15 
200	14 
201	6 
202	2 
203	15 
204	15 
205	6 
206	5 
207	2 
208	12 
209	4 
210	14 
211	17 
212	6 
213	10 
214	12 
215	2 
216	14 
217	15 
218	5 
219	1 
220	16 
221	10 
222	12 
223	6 
224	2 
225	14 
226	12 
227	17 
228	2 
229	14 
230	1 
231	12 
232	6 
233	5 
234	6 
235	7 
236	6 
237	7 
238	5 
239	16 
240	2 
241	7 
242	12 
243	15 
244	17 
245	6 
246	5 
247	16 
248	14 
249	6 
250	3 
251	17 
252	4 
253	7 
254	3 
255	5 
256	13 
257	10 
258	6 
259	11 
260	6 
261	15 
262	5 
263	15 
264	7 
265	13 
266	4 
267	14 
268	1 
269	1 
270	12 
271	13 
272	15 
273	2 
274	6 
275	17 
276	14 
277	5 
278	1 
279	10 
280	15 
281	6 
282	10 
283	14 
284	14 
285	1 
286	11 
287	8 
288	11 
289	14 
290	6 
291	2 
292	15 
293	17 
294	13 
295	2 
296	6 
297	9 
298	15 
299	6 
300	5 
301	10 
302	1 
303	14 
304	14 
305	9 
306	14 
307	3 
308	9 
309	8 
310	6 
311	3 
312	12 
313	3 
314	12 
315	1 
316	15 
317	8 
318	6 
319	1 
320	17 
321	13 
322	5 
323	12 
324	12 
325	3 
326	4 
327	4 
328	6 
329	12 
330	11 
331	14 
332	7 
333	3 
334	3 
335	15 
336	15 
337	6 
338	14 
339	7 
340	5 
341	11 
342	14 
343	5 
344	15 
345	7 
346	15 
347	6 
348	11 
349	3 
350	4 
351	15 
352	1 
353	11 
354	6 
355	2 
356	5 
357	9 
358	5 
359	14 
360	13 
361	12 
362	1 
363	15 
364	5 
365	15 
366	7 
367	12 
368	14 
369	6 
370	16 
371	15 
372	7 
373	7 
374	4 
375	15 
376	4 
377	13 
378	14 
379	9 
380	15 
381	17 
382	10 
383	8 
384	1 
385	14 
386	6 
387	6 
388	17 
389	12 
390	14 
391	6 
392	1 
393	15 
394	2 
395	3 
396	17 
397	15 
398	4 
399	15 
400	17 
401	12 
402	8 
403	3 
404	5 
405	8 
406	6 
407	4 
408	3 
409	15 
410	9 
411	9 
412	7 
413	9 
414	3 
415	4 
416	1 
417	1 
418	9 
419	2 
420	10 
421	1 
422	15 
423	5 
424	9 
425	6 
426	14 
427	8 
428	6 
429	6 
430	4 
431	2 
432	15 
433	15 
434	12 
435	6 
436	2 
437	12 
438	15 
439	12 
440	12 
441	1 
442	14 
443	4 
444	4 
445	9 
446	8 
447	15 
448	12 
449	4 
450	7 
451	6 
452	11 
453	15 
454	2 
455	13 
456	15 
457	1 
458	17 
459	14 
460	6 
461	5 
462	15 
463	7 
464	1 
465	11 
466	1 
467	11 
468	6 
469	14 
470	1 
471	13 
472	5 
473	9 
474	10 
475	16 
476	5 
477	7 
478	7 
479	12 
480	13 
481	1 
482	12 
483	6 
484	7 
485	6 
486	5 
487	2 
488	5 
489	9 
490	6 
491	9 
492	3 
493	14 
494	14 
495	14 
496	4 
497	14 
498	9 
499	7 
500	7 
501	7 
502	1 
503	16 
504	14 
505	10 
506	6 
507	10 
508	15 
509	12 
510	11 
511	16 
512	7 
513	14 
514	5 
515	17 
516	5 
517	2 
518	2 
519	9 
520	9 
521	2 
522	9 
523	5 
524	14 
525	11 
526	7 
527	8 
528	9 
529	16 
530	7 
531	7 
532	7 
533	13 
534	5 
535	12 
536	13 
537	6 
538	7 
539	15 
540	2 
541	15 
542	5 
543	9 
544	15 
545	14 
546	1 
547	6 
548	10 
549	4 
550	7 
551	5 
552	15 
553	12 
554	13 
555	12 
556	8 
557	7 
558	5 
559	14 
560	14 
561	7 
562	2 
563	6 
564	6 
565	5 
566	11 
567	4 
568	13 
569	14 
570	12 
571	3 
572	7 
573	15 
574	8 
575	15 
576	15 
577	16 
578	14 
579	12 
580	16 
581	1 
582	12 
583	16 
584	16 
585	5 
586	7 
587	12 
588	5 
589	5 
590	15 
591	7 
592	14 
593	6 
594	3 
595	9 
596	11 
597	6 
598	6 
599	11 
600	14 
601	2 
602	14 
603	8 
604	6 
605	5 
606	12 
607	16 
608	17 
609	1 
610	11 
611	5 
612	17 
613	14 
614	14 
615	5 
616	14 
617	12 
618	15 
619	8 
620	3 
621	2 
622	1 
623	1 
624	14 
625	4 
626	1 
627	11 
628	14 
629	16 
630	1 
631	10 
632	12 
633	5 
634	12 
635	7 
636	12 
637	10 
638	9 
639	14 
640	4 
641	10 
642	8 
643	6 
644	11 
645	14 
646	3 
647	16 
648	3 
649	12 
650	7 
651	1 
652	5 
653	10 
654	12 
655	11 
656	7 
657	11 
658	7 
659	2 
660	7 
661	14 
662	11 
663	9 
664	15 
665	1 
666	12 
667	2 
668	1 
669	5 
670	14 
671	1 
672	2 
673	7 
674	6 
675	6 
676	6 
677	14 
678	14 
679	2 
680	15 
681	7 
682	3 
683	5 
684	15 
685	3 
686	15 
687	17 
688	12 
689	3 
690	16 
691	1 
692	11 
693	1 
694	12 
695	2 
696	9 
697	12 
698	12 
699	1 
700	17 
701	11 
702	11 
703	2 
704	2 
705	17 
706	2 
707	9 
708	8 
709	16 
710	15 
711	7 
712	13 
713	17 
714	7 
715	2 
716	11 
717	15 
718	8 
719	5 
720	15 
721	4 
722	4 
723	16 
724	10 
725	14 
726	9 
727	10 
728	3 
729	1 
730	12 
731	15 
732	15 
733	13 
734	12 
735	12 
736	10 
737	2 
738	16 
739	16 
740	15 
741	12 
742	9 
743	5 
744	6 
745	12 
746	14 
747	11 
748	14 
749	15 
750	5 
751	1 
752	3 
753	16 
754	16 
755	5 
756	4 
757	15 
758	9 
759	9 
760	11 
761	14 
762	17 
763	5 
764	3 
765	2 
766	13 
767	6 
768	17 
769	12 
770	15 
771	1 
772	1 
773	11 
774	7 
775	8 
776	5 
777	15 
778	5 
779	12 
780	14 
781	11 
782	7 
783	4 
784	3 
785	7 
786	11 
787	15 
788	6 
789	16 
790	8 
791	1 
792	1 
793	15 
794	11 
795	5 
796	15 
797	7 
798	8 
799	5 
800	12 
801	3 
802	16 
803	1 
804	11 
805	3 
806	5 
807	15 
808	7 
809	13 
810	12 
811	12 
812	13 
813	15 
814	11 
815	2 
816	11 
817	11 
818	13 
819	8 
820	13 
821	6 
822	6 
823	1 
824	4 
825	12 
826	5 
827	6 
828	12 
829	11 
830	11 
831	10 
832	17 
833	1 
834	5 
835	6 
836	17 
837	6 
838	6 
839	3 
840	6 
841	5 
842	14 
843	11 
844	1 
845	14 
846	12 
847	6 
848	12 
849	1 
850	7 
851	17 
852	14 
853	15 
854	5 
855	3 
856	9 
857	3 
858	14 
859	3 
860	12 
861	16 
862	1 
863	15 
864	7 
865	1 
866	2 
867	9 
868	7 
869	7 
870	9 
871	12 
872	7 
873	15 
874	12 
875	14 
876	7 
877	5 
878	17 
879	11 
880	5 
881	14 
882	7 
883	7 
884	1 
885	6 
886	14 
887	16 
888	6 
889	7 
890	11 
891	15 
892	11 
893	1 
894	15 
895	6 
896	3 
897	4 
898	5 
899	17 
900	5 
901	15 
902	2 
903	2 
904	1 
905	12 
906	9 
907	11 
908	14 
909	11 
910	9 
911	1 
912	14 
913	3 
914	15 
915	2 
916	7 
917	5 
918	7 
919	9 
920	5 
921	5 
922	1 
923	15 
924	7 
925	14 
926	5 
927	7 
928	6 
929	12 
930	14 
931	6 
932	2 
933	7 
934	11 
935	14 
936	12 
937	9 
938	7 
939	12 
940	7 
941	6 
942	5 
943	15 
944	7 
945	5 
946	12 
947	14 
948	12 
949	5 
950	15 
951	5 
952	15 
953	11 
954	12 
955	3 
956	6 
957	5 
958	15 
959	12 
960	5 
961	14 
962	7 
963	14 
964	5 
965	1 
966	5 
967	6 
968	5 
969	7 
970	1 
971	1 
972	3 
973	15 
974	12 
975	14 
976	1 
977	15 
978	6 
979	11 
980	5 
981	2 
982	15 
983	11 
984	14 
985	7 
986	7 
987	15 
988	15 
989	5 
990	3 
991	2 
992	7 
993	2 
994	7 
995	15 
996	14 
997	6 
998	3 
999	11 
1000	6 
