1	90 
2	55 
3	20 
4	66 
5	7 
6	61 
7	99 
8	46 
9	104 
10	46 
11	24 
12	60 
13	19 
14	84 
15	84 
16	49 
17	83 
18	45 
19	21 
20	83 
21	58 
22	17 
23	97 
24	85 
25	43 
26	103 
27	56 
28	89 
29	13 
30	85 
31	31 
32	69 
33	39 
34	71 
35	11 
36	47 
37	69 
38	66 
39	21 
40	30 
41	77 
42	6 
43	34 
44	66 
45	19 
46	29 
47	62 
48	7 
49	15 
50	15 
51	47 
52	35 
53	11 
54	67 
55	25 
56	83 
57	31 
58	39 
59	35 
60	97 
61	58 
62	58 
63	13 
64	41 
65	74 
66	45 
67	19 
68	52 
69	84 
70	79 
71	15 
72	18 
73	15 
74	98 
75	70 
76	80 
77	101 
78	50 
79	41 
80	11 
81	25 
82	78 
83	55 
84	46 
85	91 
86	15 
87	75 
88	17 
89	69 
90	2 
91	4 
92	83 
93	60 
94	52 
95	68 
96	101 
97	98 
98	10 
99	33 
100	17 
101	16 
102	58 
103	28 
104	55 
105	104 
106	72 
107	49 
108	47 
109	90 
110	53 
111	85 
112	64 
113	38 
114	15 
115	63 
116	41 
117	46 
118	89 
119	8 
120	67 
121	61 
122	88 
123	102 
124	41 
125	77 
126	1 
127	66 
128	24 
129	98 
130	58 
131	53 
132	31 
133	41 
134	76 
135	53 
136	58 
137	3 
138	29 
139	72 
140	30 
141	17 
142	14 
143	85 
144	92 
145	47 
146	5 
147	38 
148	4 
149	84 
150	21 
151	81 
152	31 
153	58 
154	15 
155	16 
156	30 
157	45 
158	80 
159	40 
160	79 
161	23 
162	43 
163	45 
164	55 
165	58 
166	67 
167	71 
168	85 
169	60 
170	45 
171	71 
172	6 
173	24 
174	104 
175	48 
176	78 
177	48 
178	85 
179	83 
180	89 
181	53 
182	101 
183	79 
184	9 
185	76 
186	79 
187	50 
188	56 
189	95 
190	21 
191	16 
192	35 
193	30 
194	44 
195	71 
196	13 
197	8 
198	33 
199	5 
200	75 
201	41 
202	88 
203	15 
204	18 
205	53 
206	91 
207	31 
208	94 
209	32 
210	55 
211	23 
212	66 
213	16 
214	85 
215	21 
216	82 
217	83 
218	89 
219	55 
220	98 
221	89 
222	47 
223	22 
224	21 
225	60 
226	43 
227	70 
228	56 
229	85 
230	44 
231	15 
232	49 
233	49 
234	25 
235	6 
236	56 
237	66 
238	25 
239	90 
240	97 
241	51 
242	102 
243	68 
244	16 
245	19 
246	79 
247	14 
248	15 
249	38 
250	17 
251	34 
252	43 
253	69 
254	41 
255	28 
256	61 
257	16 
258	83 
259	85 
260	84 
261	63 
262	46 
263	40 
264	38 
265	74 
266	56 
267	3 
268	4 
269	40 
270	6 
271	76 
272	3 
273	85 
274	95 
275	46 
276	71 
277	82 
278	78 
279	82 
280	79 
281	40 
282	12 
283	84 
284	33 
285	90 
286	97 
287	57 
288	1 
289	80 
290	13 
291	66 
292	93 
293	53 
294	35 
295	92 
296	89 
297	19 
298	34 
299	46 
300	34 
301	13 
302	16 
303	58 
304	69 
305	19 
306	11 
307	17 
308	63 
309	4 
310	49 
311	16 
312	61 
313	69 
314	50 
315	80 
316	15 
317	82 
318	52 
319	98 
320	11 
321	50 
322	67 
323	45 
324	18 
325	58 
326	38 
327	17 
328	33 
329	21 
330	93 
331	44 
332	5 
333	5 
334	41 
335	31 
336	58 
337	85 
338	43 
339	42 
340	84 
341	56 
342	53 
343	13 
344	97 
345	4 
346	74 
347	33 
348	57 
349	104 
350	30 
351	30 
352	50 
353	89 
354	10 
355	87 
356	53 
357	62 
358	58 
359	102 
360	66 
361	76 
362	13 
363	35 
364	39 
365	32 
366	15 
367	55 
368	41 
369	76 
370	14 
371	98 
372	46 
373	28 
374	67 
375	46 
376	90 
377	59 
378	36 
379	48 
380	53 
381	17 
382	21 
383	66 
384	85 
385	70 
386	72 
387	94 
388	28 
389	55 
390	15 
391	38 
392	42 
393	95 
394	44 
395	19 
396	38 
397	76 
398	94 
399	40 
400	71 
401	6 
402	71 
403	45 
404	79 
405	103 
406	58 
407	77 
408	101 
409	6 
410	58 
411	8 
412	2 
413	66 
414	87 
415	37 
416	80 
417	19 
418	8 
419	68 
420	72 
421	32 
422	21 
423	102 
424	19 
425	44 
426	17 
427	52 
428	32 
429	85 
430	15 
431	97 
432	98 
433	66 
434	56 
435	47 
436	11 
437	53 
438	53 
439	35 
440	58 
441	39 
442	1 
443	85 
444	45 
445	2 
446	94 
447	48 
448	21 
449	41 
450	85 
451	30 
452	12 
453	45 
454	34 
455	85 
456	76 
457	89 
458	45 
459	19 
460	13 
461	30 
462	83 
463	86 
464	91 
465	82 
466	64 
467	61 
468	5 
469	63 
470	31 
471	6 
472	64 
473	37 
474	53 
475	95 
476	97 
477	92 
478	80 
479	15 
480	82 
481	11 
482	85 
483	37 
484	88 
485	103 
486	63 
487	60 
488	103 
489	66 
490	67 
491	17 
492	53 
493	32 
494	43 
495	36 
496	9 
497	55 
498	2 
499	75 
500	49 
501	42 
502	14 
503	11 
504	23 
505	3 
506	11 
507	7 
508	83 
509	72 
510	84 
511	19 
512	84 
513	69 
514	86 
515	34 
516	85 
517	72 
518	53 
519	51 
520	94 
521	31 
522	38 
523	53 
524	96 
525	41 
526	41 
527	88 
528	22 
529	19 
530	13 
531	97 
532	98 
533	59 
534	80 
535	69 
536	71 
537	64 
538	16 
539	46 
540	8 
541	75 
542	63 
543	102 
544	6 
545	74 
546	66 
547	80 
548	19 
549	13 
550	53 
551	100 
552	104 
553	84 
554	56 
555	13 
556	101 
557	61 
558	43 
559	61 
560	34 
561	100 
562	71 
563	80 
564	50 
565	35 
566	82 
567	14 
568	45 
569	19 
570	5 
571	102 
572	50 
573	14 
574	71 
575	61 
576	41 
577	104 
578	52 
579	19 
580	30 
581	30 
582	15 
583	60 
584	16 
585	46 
586	46 
587	104 
588	43 
589	38 
590	59 
591	103 
592	14 
593	39 
594	3 
595	91 
596	94 
597	64 
598	96 
599	73 
600	34 
601	68 
602	45 
603	33 
604	100 
605	56 
606	28 
607	71 
608	41 
609	61 
610	87 
611	7 
612	40 
613	13 
614	51 
615	44 
616	46 
617	89 
618	2 
619	63 
620	53 
621	98 
622	98 
623	69 
624	104 
625	27 
626	43 
627	30 
628	71 
629	17 
630	88 
631	89 
632	20 
633	50 
634	61 
635	5 
636	57 
637	38 
638	66 
639	57 
640	64 
641	76 
642	46 
643	7 
644	59 
645	50 
646	85 
647	60 
648	31 
649	90 
650	55 
651	72 
652	50 
653	19 
654	41 
655	15 
656	4 
657	103 
658	64 
659	66 
660	84 
661	81 
662	45 
663	55 
664	9 
665	69 
666	30 
667	46 
668	38 
669	26 
670	5 
671	44 
672	69 
673	16 
674	33 
675	46 
676	33 
677	53 
678	89 
679	86 
680	73 
681	56 
682	53 
683	67 
684	61 
685	59 
686	2 
687	50 
688	41 
689	13 
690	93 
691	3 
692	85 
693	84 
694	53 
695	103 
696	31 
697	41 
698	6 
699	58 
700	21 
701	60 
702	76 
703	45 
704	5 
705	28 
706	35 
707	90 
708	65 
709	71 
710	38 
711	33 
712	4 
713	35 
714	19 
715	95 
716	83 
717	41 
718	79 
719	53 
720	15 
721	17 
722	92 
723	43 
724	102 
725	13 
726	80 
727	49 
728	38 
729	45 
730	34 
731	38 
732	102 
733	16 
734	83 
735	14 
736	61 
737	80 
738	46 
739	33 
740	42 
741	43 
742	103 
743	35 
744	49 
745	102 
746	93 
747	60 
748	65 
749	38 
750	43 
751	82 
752	9 
753	5 
754	3 
755	102 
756	85 
757	71 
758	46 
759	3 
760	53 
761	21 
762	87 
763	86 
764	30 
765	92 
766	87 
767	56 
768	26 
769	21 
770	76 
771	87 
772	10 
773	16 
774	39 
775	49 
776	36 
777	88 
778	49 
779	11 
780	70 
781	91 
782	74 
783	16 
784	102 
785	12 
786	3 
787	32 
788	55 
789	33 
790	32 
791	14 
792	56 
793	46 
794	93 
795	92 
796	67 
797	51 
798	13 
799	50 
800	5 
801	24 
802	96 
803	49 
804	45 
805	79 
806	55 
807	80 
808	79 
809	7 
810	77 
811	51 
812	87 
813	46 
814	64 
815	31 
816	30 
817	44 
818	47 
819	39 
820	91 
821	47 
822	62 
823	20 
824	47 
825	68 
826	5 
827	14 
828	81 
829	46 
830	44 
831	30 
832	64 
833	21 
834	33 
835	48 
836	26 
837	99 
838	63 
839	1 
840	59 
841	88 
842	10 
843	56 
844	16 
845	60 
846	91 
847	14 
848	21 
849	60 
850	56 
851	8 
852	26 
853	15 
854	89 
855	56 
856	45 
857	22 
858	78 
859	34 
860	14 
861	41 
862	82 
863	18 
864	85 
865	93 
866	59 
867	69 
868	51 
869	83 
870	16 
871	84 
872	58 
873	61 
874	13 
875	84 
876	79 
877	46 
878	34 
879	50 
880	35 
881	9 
882	56 
883	37 
884	49 
885	103 
886	64 
887	75 
888	68 
889	13 
890	46 
891	14 
892	88 
893	69 
894	69 
895	31 
896	2 
897	58 
898	104 
899	51 
900	92 
901	22 
902	65 
903	62 
904	76 
905	34 
906	77 
907	57 
908	85 
909	98 
910	38 
911	102 
912	9 
913	98 
914	30 
915	94 
916	47 
917	94 
918	17 
919	84 
920	101 
921	40 
922	81 
923	81 
924	13 
925	75 
926	88 
927	5 
928	2 
929	52 
930	13 
931	63 
932	60 
933	104 
934	50 
935	46 
936	33 
937	73 
938	54 
939	84 
940	82 
941	32 
942	53 
943	10 
944	54 
945	68 
946	38 
947	17 
948	59 
949	74 
950	17 
951	16 
952	69 
953	18 
954	32 
955	56 
956	16 
957	35 
958	60 
959	61 
960	31 
961	14 
962	41 
963	87 
964	6 
965	13 
966	75 
967	64 
968	13 
969	86 
970	73 
971	82 
972	16 
973	56 
974	20 
975	38 
976	5 
977	53 
978	88 
979	71 
980	42 
981	28 
982	64 
983	59 
984	61 
985	61 
986	17 
987	58 
988	27 
989	88 
990	15 
991	58 
992	69 
993	28 
994	28 
995	14 
996	60 
997	30 
998	4 
999	38 
1000	48 
1001	58 
1002	102 
1003	75 
1004	78 
1005	89 
1006	59 
1007	56 
1008	69 
1009	30 
1010	51 
1011	7 
1012	23 
1013	38 
1014	89 
1015	102 
1016	37 
1017	60 
1018	15 
1019	80 
1020	38 
1021	99 
1022	72 
1023	57 
1024	16 
1025	38 
1026	30 
1027	90 
1028	52 
1029	47 
1030	63 
1031	21 
1032	45 
1033	46 
1034	70 
1035	45 
1036	55 
1037	55 
1038	39 
1039	4 
1040	36 
1041	12 
1042	53 
1043	53 
1044	100 
1045	63 
1046	83 
1047	21 
1048	99 
1049	35 
1050	58 
1051	7 
1052	64 
1053	75 
1054	50 
1055	43 
1056	55 
1057	88 
1058	30 
1059	64 
1060	59 
1061	16 
1062	98 
1063	92 
1064	83 
1065	84 
1066	78 
1067	59 
1068	49 
1069	75 
1070	33 
1071	85 
1072	84 
1073	72 
1074	52 
1075	14 
1076	53 
1077	53 
1078	30 
1079	95 
1080	17 
1081	38 
1082	96 
1083	43 
1084	72 
1085	52 
1086	33 
1087	52 
1088	5 
1089	30 
1090	21 
1091	59 
1092	32 
1093	38 
1094	104 
1095	76 
1096	75 
1097	41 
1098	69 
1099	56 
1100	23 
1101	92 
1102	90 
1103	59 
1104	79 
1105	15 
1106	38 
1107	103 
1108	15 
1109	71 
1110	45 
1111	53 
1112	91 
1113	84 
1114	34 
1115	59 
1116	67 
1117	11 
1118	39 
1119	15 
1120	8 
1121	85 
1122	72 
1123	49 
1124	80 
1125	102 
1126	66 
1127	98 
1128	16 
1129	50 
1130	24 
1131	36 
1132	71 
1133	77 
1134	89 
1135	21 
1136	71 
1137	56 
1138	92 
1139	46 
1140	78 
1141	80 
1142	55 
1143	49 
1144	43 
1145	38 
1146	59 
1147	57 
1148	69 
1149	61 
1150	44 
1151	88 
1152	13 
1153	60 
1154	61 
1155	35 
1156	52 
1157	79 
1158	55 
1159	31 
1160	101 
1161	21 
1162	63 
1163	57 
1164	29 
1165	31 
1166	101 
1167	44 
1168	62 
1169	1 
1170	89 
1171	13 
1172	56 
1173	31 
1174	80 
1175	76 
1176	21 
1177	89 
1178	14 
1179	79 
1180	37 
1181	93 
1182	79 
1183	30 
1184	57 
1185	61 
1186	64 
1187	39 
1188	85 
1189	30 
1190	101 
1191	87 
1192	72 
1193	60 
1194	38 
1195	42 
1196	53 
1197	38 
1198	43 
1199	12 
1200	61 
1201	66 
1202	12 
1203	83 
1204	2 
1205	40 
1206	25 
1207	45 
1208	43 
1209	46 
1210	14 
1211	55 
1212	61 
1213	9 
1214	57 
1215	85 
1216	14 
1217	57 
1218	15 
1219	52 
1220	54 
1221	35 
1222	83 
1223	90 
1224	35 
1225	30 
1226	50 
1227	66 
1228	3 
1229	43 
1230	13 
1231	29 
1232	99 
1233	84 
1234	41 
1235	88 
1236	57 
1237	45 
1238	85 
1239	84 
1240	53 
1241	7 
1242	70 
1243	102 
1244	101 
1245	89 
1246	103 
1247	84 
1248	16 
1249	52 
1250	66 
1251	92 
1252	89 
1253	8 
1254	23 
1255	35 
1256	50 
1257	79 
1258	71 
1259	3 
1260	102 
1261	80 
1262	74 
1263	6 
1264	55 
1265	18 
1266	90 
1267	28 
1268	81 
1269	56 
1270	8 
1271	4 
1272	84 
1273	104 
1274	45 
1275	80 
1276	102 
1277	60 
1278	21 
1279	27 
1280	15 
1281	2 
1282	30 
1283	29 
1284	78 
1285	51 
1286	55 
1287	46 
1288	69 
1289	64 
1290	68 
1291	35 
1292	67 
1293	51 
1294	7 
1295	87 
1296	47 
1297	15 
1298	55 
1299	85 
1300	75 
1301	75 
1302	30 
1303	57 
1304	82 
1305	90 
1306	54 
1307	68 
1308	76 
1309	45 
1310	21 
1311	73 
1312	92 
1313	5 
1314	50 
1315	13 
1316	2 
1317	17 
1318	89 
1319	58 
1320	44 
1321	37 
1322	52 
1323	61 
1324	10 
1325	64 
1326	45 
1327	11 
1328	102 
1329	73 
1330	60 
1331	88 
1332	80 
1333	15 
1334	60 
1335	75 
1336	5 
1337	82 
1338	15 
1339	42 
1340	21 
1341	53 
1342	20 
1343	40 
1344	101 
1345	30 
1346	102 
1347	75 
1348	61 
1349	79 
1350	34 
1351	67 
1352	75 
1353	16 
1354	98 
1355	90 
1356	88 
1357	69 
1358	64 
1359	44 
1360	61 
1361	84 
1362	84 
1363	38 
1364	58 
1365	9 
1366	8 
1367	66 
1368	33 
1369	49 
1370	6 
1371	91 
1372	15 
1373	16 
1374	52 
1375	58 
1376	66 
1377	44 
1378	23 
1379	68 
1380	4 
1381	16 
1382	41 
1383	53 
1384	44 
1385	66 
1386	45 
1387	98 
1388	24 
1389	39 
1390	15 
1391	49 
1392	85 
1393	100 
1394	71 
1395	84 
1396	69 
1397	71 
1398	56 
1399	45 
1400	96 
1401	25 
1402	21 
1403	55 
1404	32 
1405	74 
1406	32 
1407	49 
1408	21 
1409	65 
1410	13 
1411	14 
1412	80 
1413	30 
1414	79 
1415	60 
1416	68 
1417	63 
1418	82 
1419	59 
1420	10 
1421	88 
1422	32 
1423	15 
1424	16 
1425	74 
1426	21 
1427	71 
1428	65 
1429	30 
1430	77 
1431	103 
1432	51 
1433	13 
1434	46 
1435	33 
1436	61 
1437	64 
1438	36 
1439	26 
1440	1 
1441	38 
1442	40 
1443	73 
1444	57 
1445	86 
1446	61 
1447	47 
1448	49 
1449	90 
1450	38 
1451	31 
1452	62 
1453	22 
1454	6 
1455	52 
1456	75 
1457	61 
1458	58 
1459	17 
1460	40 
1461	53 
1462	86 
1463	41 
1464	83 
1465	63 
1466	19 
1467	103 
1468	48 
1469	55 
1470	33 
1471	11 
1472	12 
1473	103 
1474	7 
1475	75 
1476	13 
1477	56 
1478	85 
1479	70 
1480	56 
1481	11 
1482	46 
1483	19 
1484	67 
1485	88 
1486	56 
1487	21 
1488	90 
1489	38 
1490	51 
1491	45 
1492	74 
1493	87 
1494	71 
1495	38 
1496	50 
1497	43 
1498	92 
1499	67 
1500	58 
1501	17 
1502	61 
1503	21 
1504	91 
1505	64 
1506	78 
1507	92 
1508	45 
1509	49 
1510	102 
1511	53 
1512	18 
1513	45 
1514	31 
1515	68 
1516	48 
1517	20 
1518	49 
1519	101 
1520	7 
1521	81 
1522	21 
1523	103 
1524	99 
1525	43 
1526	36 
1527	92 
1528	93 
1529	71 
1530	13 
1531	34 
1532	85 
1533	25 
1534	56 
1535	63 
1536	73 
1537	65 
1538	61 
1539	81 
1540	23 
1541	11 
1542	54 
1543	15 
1544	80 
1545	55 
1546	27 
1547	53 
1548	8 
1549	37 
1550	29 
1551	30 
1552	63 
1553	38 
1554	101 
1555	79 
1556	1 
1557	41 
1558	97 
1559	88 
1560	16 
1561	21 
1562	55 
1563	6 
1564	97 
1565	96 
1566	19 
1567	55 
1568	62 
1569	21 
1570	45 
1571	31 
1572	21 
1573	39 
1574	53 
1575	10 
1576	82 
1577	16 
1578	91 
1579	104 
1580	52 
1581	32 
1582	94 
1583	56 
1584	69 
1585	55 
1586	21 
1587	83 
1588	103 
1589	85 
1590	80 
1591	76 
1592	56 
1593	18 
1594	76 
1595	19 
1596	53 
1597	55 
1598	20 
1599	32 
1600	7 
1601	13 
1602	14 
1603	33 
1604	95 
1605	8 
1606	60 
1607	7 
1608	29 
1609	9 
1610	92 
1611	45 
1612	84 
1613	73 
1614	32 
1615	50 
1616	85 
1617	71 
1618	84 
1619	30 
1620	57 
1621	67 
1622	42 
1623	2 
1624	62 
1625	58 
1626	64 
1627	62 
1628	12 
1629	85 
1630	56 
1631	58 
1632	11 
1633	38 
1634	56 
1635	21 
1636	44 
1637	60 
1638	12 
1639	82 
1640	84 
1641	70 
1642	46 
1643	52 
1644	82 
1645	91 
1646	56 
1647	57 
1648	77 
1649	45 
1650	30 
1651	69 
1652	49 
1653	44 
1654	66 
1655	33 
1656	26 
1657	16 
1658	14 
1659	5 
1660	34 
1661	73 
1662	41 
1663	59 
1664	85 
1665	83 
1666	60 
1667	25 
1668	31 
1669	41 
1670	4 
1671	6 
1672	64 
1673	53 
1674	55 
1675	80 
1676	74 
1677	12 
1678	45 
1679	31 
1680	104 
1681	36 
1682	13 
1683	49 
1684	82 
1685	60 
1686	102 
1687	85 
1688	62 
1689	72 
1690	61 
1691	56 
1692	45 
1693	77 
1694	104 
1695	13 
1696	38 
1697	46 
1698	41 
1699	15 
1700	15 
1701	86 
1702	64 
1703	66 
1704	95 
1705	98 
1706	32 
1707	84 
1708	47 
1709	80 
1710	66 
1711	36 
1712	43 
1713	89 
1714	92 
1715	86 
1716	21 
1717	83 
1718	71 
1719	28 
1720	49 
1721	28 
1722	32 
1723	43 
1724	18 
1725	53 
1726	50 
1727	13 
1728	69 
1729	52 
1730	24 
1731	103 
1732	91 
1733	103 
1734	45 
1735	43 
1736	1 
1737	49 
1738	57 
1739	78 
1740	92 
1741	85 
1742	45 
1743	53 
1744	31 
1745	39 
1746	38 
1747	101 
1748	14 
1749	70 
1750	59 
1751	41 
1752	70 
1753	75 
1754	102 
1755	14 
1756	34 
1757	34 
1758	92 
1759	72 
1760	104 
1761	3 
1762	42 
1763	20 
1764	46 
1765	34 
1766	31 
1767	38 
1768	80 
1769	71 
1770	85 
1771	21 
1772	94 
1773	86 
1774	13 
1775	78 
1776	76 
1777	80 
1778	89 
1779	61 
1780	12 
1781	64 
1782	82 
1783	34 
1784	78 
1785	58 
1786	54 
1787	102 
1788	26 
1789	84 
1790	13 
1791	72 
1792	57 
1793	13 
1794	15 
1795	59 
1796	41 
1797	11 
1798	14 
1799	90 
1800	80 
1801	70 
1802	10 
1803	43 
1804	71 
1805	100 
1806	39 
1807	95 
1808	43 
1809	34 
1810	41 
1811	43 
1812	69 
1813	101 
1814	38 
1815	60 
1816	5 
1817	63 
1818	25 
1819	89 
1820	56 
1821	91 
1822	22 
1823	49 
1824	41 
1825	35 
1826	5 
1827	80 
1828	3 
1829	45 
1830	88 
1831	57 
1832	97 
1833	96 
1834	92 
1835	22 
1836	30 
1837	2 
1838	79 
1839	49 
1840	59 
1841	71 
1842	85 
1843	93 
1844	22 
1845	64 
1846	2 
1847	84 
1848	69 
1849	96 
1850	15 
1851	57 
1852	65 
1853	71 
1854	81 
1855	31 
1856	44 
1857	31 
1858	1 
1859	103 
1860	48 
1861	30 
1862	10 
1863	104 
1864	4 
1865	6 
1866	92 
1867	51 
1868	45 
1869	85 
1870	41 
1871	66 
1872	50 
1873	103 
1874	71 
1875	59 
1876	49 
1877	84 
1878	100 
1879	71 
1880	83 
1881	19 
1882	46 
1883	53 
1884	5 
1885	71 
1886	67 
1887	44 
1888	75 
1889	17 
1890	92 
1891	79 
1892	81 
1893	33 
1894	31 
1895	61 
1896	43 
1897	8 
1898	64 
1899	99 
1900	17 
1901	74 
1902	28 
1903	77 
1904	64 
1905	52 
1906	43 
1907	7 
1908	18 
1909	32 
1910	80 
1911	88 
1912	47 
1913	55 
1914	60 
1915	52 
1916	16 
1917	8 
1918	61 
1919	34 
1920	84 
1921	16 
1922	45 
1923	19 
1924	6 
1925	57 
1926	28 
1927	45 
1928	21 
1929	45 
1930	88 
1931	58 
1932	57 
1933	35 
1934	29 
1935	79 
1936	15 
1937	23 
1938	79 
1939	79 
1940	69 
1941	41 
1942	45 
1943	32 
1944	41 
1945	46 
1946	77 
1947	8 
1948	52 
1949	103 
1950	44 
1951	53 
1952	90 
1953	89 
1954	20 
1955	62 
1956	41 
1957	3 
1958	11 
1959	30 
1960	64 
1961	102 
1962	82 
1963	9 
1964	64 
1965	75 
1966	90 
1967	88 
1968	84 
1969	90 
1970	102 
1971	80 
1972	90 
1973	101 
1974	13 
1975	88 
1976	89 
1977	14 
1978	16 
1979	61 
1980	38 
1981	53 
1982	97 
1983	98 
1984	56 
1985	27 
1986	89 
1987	62 
1988	98 
1989	95 
1990	14 
1991	75 
1992	84 
1993	4 
1994	61 
1995	37 
1996	41 
1997	69 
1998	61 
1999	66 
2000	55 
2001	53 
2002	102 
2003	13 
2004	99 
2005	89 
2006	36 
2007	69 
2008	31 
2009	27 
2010	16 
2011	47 
2012	96 
2013	80 
2014	1 
2015	60 
2016	17 
2017	95 
2018	77 
2019	56 
2020	56 
2021	80 
2022	45 
2023	36 
2024	26 
2025	34 
2026	83 
2027	41 
2028	82 
2029	19 
2030	31 
2031	74 
2032	1 
2033	52 
2034	65 
2035	51 
2036	81 
2037	55 
2038	95 
2039	38 
2040	16 
2041	37 
2042	36 
2043	31 
2044	53 
2045	56 
2046	53 
2047	21 
2048	35 
2049	30 
2050	94 
2051	96 
2052	12 
2053	15 
2054	63 
2055	60 
2056	68 
2057	97 
2058	60 
2059	66 
2060	104 
2061	31 
2062	38 
2063	51 
2064	49 
2065	21 
2066	95 
2067	3 
2068	33 
2069	17 
2070	45 
2071	70 
2072	80 
2073	103 
2074	71 
2075	56 
2076	57 
2077	39 
2078	38 
2079	52 
2080	13 
2081	9 
2082	83 
2083	14 
2084	31 
2085	47 
2086	11 
2087	7 
2088	10 
2089	15 
2090	55 
2091	80 
2092	88 
2093	85 
2094	17 
2095	46 
2096	17 
2097	88 
2098	58 
2099	8 
2100	82 
2101	94 
2102	44 
2103	38 
2104	62 
2105	34 
2106	13 
2107	21 
2108	55 
2109	36 
2110	42 
2111	83 
2112	57 
2113	90 
2114	9 
2115	45 
2116	15 
2117	4 
2118	19 
2119	41 
2120	80 
2121	74 
2122	28 
2123	85 
2124	16 
2125	35 
2126	14 
2127	35 
2128	45 
2129	75 
2130	31 
2131	69 
2132	94 
2133	103 
2134	25 
2135	75 
2136	15 
2137	75 
2138	85 
2139	60 
2140	50 
2141	2 
2142	28 
2143	53 
2144	22 
2145	2 
2146	34 
2147	71 
2148	38 
2149	78 
2150	2 
2151	80 
2152	61 
2153	66 
2154	60 
2155	45 
2156	60 
2157	30 
2158	19 
2159	24 
2160	34 
2161	60 
2162	46 
2163	88 
2164	81 
2165	69 
2166	49 
2167	83 
2168	61 
2169	24 
2170	30 
2171	56 
2172	60 
2173	79 
2174	45 
2175	3 
2176	47 
2177	28 
2178	24 
2179	6 
2180	42 
2181	37 
2182	76 
2183	17 
2184	87 
2185	34 
2186	34 
2187	48 
2188	51 
2189	52 
2190	45 
2191	92 
2192	14 
2193	88 
2194	39 
2195	56 
2196	88 
2197	90 
2198	34 
2199	21 
2200	66 
2201	88 
2202	31 
2203	48 
2204	22 
2205	5 
2206	72 
2207	57 
2208	46 
2209	86 
2210	30 
2211	26 
2212	15 
2213	100 
2214	95 
2215	30 
2216	36 
2217	101 
2218	19 
2219	102 
2220	55 
2221	14 
2222	81 
2223	40 
2224	41 
2225	71 
2226	91 
2227	3 
2228	65 
2229	64 
2230	2 
2231	19 
2232	8 
2233	71 
2234	67 
2235	1 
2236	34 
2237	23 
2238	19 
2239	103 
2240	2 
2241	57 
2242	79 
2243	92 
2244	104 
2245	56 
2246	56 
2247	62 
2248	85 
2249	84 
2250	103 
2251	67 
2252	27 
2253	82 
2254	11 
2255	15 
2256	68 
2257	18 
2258	45 
2259	57 
2260	56 
2261	30 
2262	54 
2263	15 
2264	19 
2265	100 
2266	53 
2267	15 
2268	80 
2269	83 
2270	91 
2271	33 
2272	40 
2273	55 
2274	38 
2275	58 
2276	10 
2277	39 
2278	8 
2279	94 
2280	104 
2281	90 
2282	79 
2283	79 
2284	3 
2285	13 
2286	73 
2287	96 
2288	19 
2289	55 
2290	51 
2291	7 
2292	34 
2293	34 
2294	32 
2295	100 
2296	88 
2297	45 
2298	95 
2299	17 
2300	78 
2301	21 
2302	72 
2303	84 
2304	87 
2305	38 
2306	93 
2307	90 
2308	66 
2309	35 
2310	60 
2311	14 
2312	53 
2313	6 
2314	69 
2315	63 
2316	7 
2317	60 
2318	11 
2319	58 
2320	23 
2321	39 
2322	11 
2323	26 
2324	76 
2325	15 
2326	21 
2327	9 
2328	21 
2329	83 
2330	13 
2331	7 
2332	95 
2333	48 
2334	14 
2335	56 
2336	64 
2337	51 
2338	42 
2339	58 
2340	25 
2341	89 
2342	15 
2343	43 
2344	104 
2345	97 
2346	43 
2347	23 
2348	85 
2349	30 
2350	37 
2351	42 
2352	41 
2353	34 
2354	45 
2355	103 
2356	75 
2357	18 
2358	7 
2359	44 
2360	23 
2361	30 
2362	27 
2363	74 
2364	52 
2365	23 
2366	21 
2367	46 
2368	13 
2369	34 
2370	54 
2371	63 
2372	54 
2373	93 
2374	15 
2375	57 
2376	74 
2377	71 
2378	84 
2379	39 
2380	21 
2381	25 
2382	21 
2383	74 
2384	13 
2385	79 
2386	7 
2387	83 
2388	61 
2389	79 
2390	72 
2391	85 
2392	52 
2393	53 
2394	55 
2395	89 
2396	7 
2397	84 
2398	18 
2399	41 
2400	85 
2401	13 
2402	84 
2403	93 
2404	23 
2405	60 
2406	103 
2407	103 
2408	38 
2409	84 
2410	74 
2411	45 
2412	79 
2413	88 
2414	69 
2415	59 
2416	30 
2417	63 
2418	56 
2419	20 
2420	56 
2421	15 
2422	60 
2423	55 
2424	82 
2425	19 
2426	79 
2427	6 
2428	7 
2429	58 
2430	93 
2431	56 
2432	57 
2433	83 
2434	45 
2435	102 
2436	56 
2437	52 
2438	25 
2439	56 
2440	71 
2441	90 
2442	2 
2443	84 
2444	19 
2445	81 
2446	29 
2447	15 
2448	69 
2449	2 
2450	45 
2451	84 
2452	103 
2453	98 
2454	83 
2455	30 
2456	4 
2457	2 
2458	99 
2459	21 
2460	53 
2461	35 
2462	63 
2463	16 
2464	14 
2465	103 
2466	76 
2467	50 
2468	41 
2469	7 
2470	88 
2471	20 
2472	85 
2473	83 
2474	75 
2475	97 
2476	104 
2477	79 
2478	16 
2479	85 
2480	53 
2481	38 
2482	49 
2483	65 
2484	15 
2485	80 
2486	42 
2487	16 
2488	93 
2489	13 
2490	81 
2491	98 
2492	49 
2493	9 
2494	17 
2495	82 
2496	17 
2497	71 
2498	70 
2499	6 
2500	74 
2501	17 
2502	11 
2503	71 
2504	5 
2505	16 
2506	34 
2507	85 
2508	4 
2509	50 
2510	12 
2511	19 
2512	81 
2513	56 
2514	54 
2515	28 
2516	101 
2517	53 
2518	97 
2519	19 
2520	86 
2521	56 
2522	22 
2523	40 
2524	103 
2525	45 
2526	58 
2527	74 
2528	24 
2529	100 
2530	75 
2531	48 
2532	12 
2533	72 
2534	13 
2535	33 
2536	58 
2537	52 
2538	32 
2539	63 
2540	29 
2541	16 
2542	93 
2543	50 
2544	12 
2545	103 
2546	22 
2547	45 
2548	92 
2549	97 
2550	39 
2551	73 
2552	88 
2553	17 
2554	94 
2555	81 
2556	2 
2557	102 
2558	84 
2559	42 
2560	97 
2561	41 
2562	31 
2563	102 
2564	2 
2565	72 
2566	57 
2567	68 
2568	15 
2569	77 
2570	88 
2571	41 
2572	71 
2573	19 
2574	78 
2575	17 
2576	16 
2577	84 
2578	72 
2579	15 
2580	36 
2581	85 
2582	82 
2583	104 
2584	60 
2585	68 
2586	8 
2587	46 
2588	18 
2589	58 
2590	50 
2591	30 
2592	67 
2593	53 
2594	81 
2595	90 
2596	17 
2597	17 
2598	2 
2599	23 
2600	82 
2601	43 
2602	38 
2603	83 
2604	79 
2605	86 
2606	84 
2607	51 
2608	18 
2609	20 
2610	72 
2611	19 
2612	56 
2613	90 
2614	57 
2615	35 
2616	19 
2617	39 
2618	95 
2619	17 
2620	6 
2621	89 
2622	31 
2623	6 
2624	34 
2625	43 
2626	79 
2627	21 
2628	27 
2629	55 
2630	54 
2631	95 
2632	34 
2633	46 
2634	86 
2635	64 
2636	17 
2637	92 
2638	91 
2639	2 
2640	14 
2641	41 
2642	15 
2643	97 
2644	90 
2645	67 
2646	51 
2647	11 
2648	33 
2649	64 
2650	26 
2651	47 
2652	81 
2653	19 
2654	38 
2655	75 
2656	15 
2657	86 
2658	64 
2659	55 
2660	45 
2661	17 
2662	44 
2663	83 
2664	6 
2665	79 
2666	101 
2667	25 
2668	24 
2669	93 
2670	22 
2671	21 
2672	10 
2673	104 
2674	30 
2675	11 
2676	58 
2677	27 
2678	56 
2679	59 
2680	18 
2681	67 
2682	27 
2683	49 
2684	41 
2685	14 
2686	101 
2687	43 
2688	15 
2689	19 
2690	74 
2691	100 
2692	28 
2693	26 
2694	30 
2695	55 
2696	56 
2697	78 
2698	64 
2699	13 
2700	31 
2701	72 
2702	69 
2703	34 
2704	66 
2705	46 
2706	53 
2707	99 
2708	16 
2709	93 
2710	103 
2711	41 
2712	103 
2713	19 
2714	58 
2715	58 
2716	89 
2717	73 
2718	63 
2719	94 
2720	18 
2721	60 
2722	61 
2723	102 
2724	29 
2725	89 
2726	53 
2727	33 
2728	80 
2729	19 
2730	28 
2731	33 
2732	19 
2733	4 
2734	50 
2735	99 
2736	76 
2737	5 
2738	88 
2739	90 
2740	90 
2741	5 
2742	61 
2743	46 
2744	80 
2745	83 
2746	49 
2747	97 
2748	15 
2749	78 
2750	67 
2751	30 
2752	31 
2753	30 
2754	74 
2755	48 
2756	55 
2757	64 
2758	37 
2759	98 
2760	49 
2761	31 
2762	100 
2763	42 
2764	51 
2765	102 
2766	69 
2767	64 
2768	84 
2769	14 
2770	4 
2771	21 
2772	61 
2773	32 
2774	32 
2775	36 
2776	69 
2777	18 
2778	80 
2779	56 
2780	73 
2781	43 
2782	103 
2783	38 
2784	76 
2785	19 
2786	66 
2787	14 
2788	74 
2789	77 
2790	75 
2791	45 
2792	51 
2793	87 
2794	96 
2795	72 
2796	76 
2797	63 
2798	7 
2799	93 
2800	17 
2801	15 
2802	95 
2803	81 
2804	34 
2805	71 
2806	16 
2807	16 
2808	13 
2809	13 
2810	61 
2811	34 
2812	84 
2813	71 
2814	46 
2815	31 
2816	66 
2817	53 
2818	55 
2819	39 
2820	49 
2821	49 
2822	59 
2823	101 
2824	21 
2825	25 
2826	1 
2827	9 
2828	61 
2829	44 
2830	28 
2831	97 
2832	6 
2833	22 
2834	50 
2835	75 
2836	20 
2837	20 
2838	11 
2839	40 
2840	38 
2841	82 
2842	55 
2843	80 
2844	65 
2845	55 
2846	7 
2847	101 
2848	16 
2849	53 
2850	64 
2851	72 
2852	51 
2853	56 
2854	31 
2855	56 
2856	87 
2857	56 
2858	28 
2859	11 
2860	9 
2861	18 
2862	37 
2863	73 
2864	79 
2865	71 
2866	58 
2867	66 
2868	29 
2869	19 
2870	41 
2871	84 
2872	90 
2873	15 
2874	55 
2875	14 
2876	47 
2877	78 
2878	89 
2879	34 
2880	8 
2881	19 
2882	81 
2883	102 
2884	53 
2885	24 
2886	84 
2887	101 
2888	72 
2889	75 
2890	30 
2891	29 
2892	31 
2893	85 
2894	55 
2895	21 
2896	71 
2897	13 
2898	14 
2899	21 
2900	2 
2901	38 
2902	74 
2903	19 
2904	53 
2905	90 
2906	69 
2907	33 
2908	34 
2909	17 
2910	63 
2911	48 
2912	71 
2913	28 
2914	43 
2915	76 
2916	19 
2917	7 
2918	68 
2919	53 
2920	16 
2921	53 
2922	71 
2923	84 
2924	14 
2925	56 
2926	19 
2927	21 
2928	102 
2929	3 
2930	85 
2931	44 
2932	66 
2933	20 
2934	33 
2935	30 
2936	44 
2937	102 
2938	68 
2939	8 
2940	83 
2941	68 
2942	38 
2943	44 
2944	99 
2945	90 
2946	15 
2947	93 
2948	41 
2949	62 
2950	73 
2951	29 
2952	18 
2953	69 
2954	45 
2955	84 
2956	61 
2957	6 
2958	27 
2959	80 
2960	83 
2961	102 
2962	98 
2963	6 
2964	76 
2965	53 
2966	90 
2967	61 
2968	12 
2969	34 
2970	21 
2971	47 
2972	103 
2973	102 
2974	21 
2975	44 
2976	86 
2977	85 
2978	55 
2979	85 
2980	103 
2981	18 
2982	23 
2983	57 
2984	101 
2985	51 
2986	103 
2987	80 
2988	23 
2989	43 
2990	10 
2991	59 
2992	104 
2993	22 
2994	1 
2995	38 
2996	41 
2997	49 
2998	44 
2999	38 
3000	74 
3001	78 
3002	68 
3003	43 
3004	89 
3005	84 
3006	10 
3007	15 
3008	7 
3009	8 
3010	34 
3011	59 
3012	37 
3013	101 
3014	50 
3015	60 
3016	27 
3017	19 
3018	104 
3019	13 
3020	69 
3021	45 
3022	53 
3023	34 
3024	53 
3025	55 
3026	45 
3027	33 
3028	19 
3029	13 
3030	76 
3031	24 
3032	88 
3033	103 
3034	36 
3035	30 
3036	44 
3037	50 
3038	15 
3039	53 
3040	27 
3041	21 
3042	71 
3043	52 
3044	48 
3045	66 
3046	63 
3047	64 
3048	40 
3049	90 
3050	38 
3051	61 
3052	19 
3053	74 
3054	23 
3055	49 
3056	34 
3057	44 
3058	56 
3059	64 
3060	98 
3061	44 
3062	34 
3063	41 
3064	75 
3065	52 
3066	31 
3067	53 
3068	63 
3069	82 
3070	57 
3071	3 
3072	71 
3073	93 
3074	99 
3075	46 
3076	14 
3077	30 
3078	82 
3079	82 
3080	32 
3081	4 
3082	72 
3083	11 
3084	47 
3085	61 
3086	60 
3087	102 
3088	19 
3089	29 
3090	86 
3091	26 
3092	15 
3093	56 
3094	37 
3095	79 
3096	80 
3097	98 
3098	16 
3099	38 
3100	24 
3101	43 
3102	58 
3103	14 
3104	14 
3105	78 
3106	30 
3107	72 
3108	46 
3109	69 
3110	94 
3111	18 
3112	54 
3113	41 
3114	67 
3115	30 
3116	44 
3117	73 
3118	14 
3119	38 
3120	64 
3121	72 
3122	84 
3123	89 
3124	65 
3125	102 
3126	49 
3127	66 
3128	100 
3129	101 
3130	92 
3131	80 
3132	80 
3133	86 
3134	97 
3135	64 
3136	37 
3137	58 
3138	69 
3139	103 
3140	98 
3141	1 
3142	93 
3143	47 
3144	54 
3145	82 
3146	34 
3147	84 
3148	72 
3149	53 
3150	64 
3151	28 
3152	55 
3153	83 
3154	51 
3155	55 
3156	48 
3157	15 
3158	60 
3159	102 
3160	14 
3161	92 
3162	54 
3163	49 
3164	31 
3165	38 
3166	56 
3167	19 
3168	56 
3169	46 
3170	18 
3171	85 
3172	45 
3173	96 
3174	55 
3175	9 
3176	71 
3177	38 
3178	30 
3179	41 
3180	81 
3181	81 
3182	19 
3183	29 
3184	8 
3185	88 
3186	54 
3187	71 
3188	92 
3189	44 
3190	65 
3191	66 
3192	45 
3193	60 
3194	18 
3195	13 
3196	88 
3197	58 
3198	33 
3199	89 
3200	36 
3201	27 
3202	44 
3203	91 
3204	83 
3205	65 
3206	98 
3207	31 
3208	47 
3209	1 
3210	28 
3211	90 
3212	80 
3213	19 
3214	13 
3215	60 
3216	66 
3217	92 
3218	17 
3219	67 
3220	55 
3221	45 
3222	54 
3223	31 
3224	32 
3225	27 
3226	77 
3227	14 
3228	50 
3229	53 
3230	31 
3231	45 
3232	73 
3233	58 
3234	69 
3235	72 
3236	71 
3237	88 
3238	59 
3239	14 
3240	21 
3241	9 
3242	80 
3243	8 
3244	9 
3245	18 
3246	23 
3247	49 
3248	49 
3249	97 
3250	9 
3251	55 
3252	96 
3253	89 
3254	72 
3255	59 
3256	47 
3257	75 
3258	85 
3259	39 
3260	71 
3261	51 
3262	103 
3263	75 
3264	84 
3265	53 
3266	71 
3267	73 
3268	43 
3269	12 
3270	21 
3271	64 
3272	13 
3273	46 
3274	67 
3275	69 
3276	64 
3277	31 
3278	12 
3279	34 
3280	39 
3281	58 
3282	10 
3283	21 
3284	35 
3285	50 
3286	35 
3287	31 
3288	13 
3289	101 
3290	56 
3291	75 
3292	73 
3293	43 
3294	71 
3295	61 
3296	78 
3297	75 
3298	56 
3299	85 
3300	93 
3301	48 
3302	83 
3303	89 
3304	18 
3305	92 
3306	32 
3307	38 
3308	35 
3309	72 
3310	18 
3311	49 
3312	56 
3313	78 
3314	65 
3315	61 
3316	41 
3317	11 
3318	66 
3319	65 
3320	6 
3321	79 
3322	88 
3323	8 
3324	29 
3325	51 
3326	42 
3327	30 
3328	102 
3329	54 
3330	75 
3331	38 
3332	66 
3333	60 
3334	69 
3335	51 
3336	21 
3337	11 
3338	30 
3339	34 
3340	30 
3341	72 
3342	60 
3343	102 
3344	9 
3345	102 
3346	90 
3347	97 
3348	29 
3349	4 
3350	7 
3351	38 
3352	85 
3353	81 
3354	41 
3355	84 
3356	59 
3357	53 
3358	44 
3359	63 
3360	45 
3361	100 
3362	6 
3363	99 
3364	19 
3365	96 
3366	59 
3367	27 
3368	5 
3369	35 
3370	30 
3371	67 
3372	17 
3373	84 
3374	16 
3375	12 
3376	87 
3377	63 
3378	88 
3379	85 
3380	4 
3381	55 
3382	11 
3383	63 
3384	84 
3385	76 
3386	81 
3387	55 
3388	32 
3389	28 
3390	69 
3391	60 
3392	28 
3393	92 
3394	90 
3395	11 
3396	61 
3397	66 
3398	69 
3399	89 
3400	4 
3401	2 
3402	49 
3403	13 
3404	21 
3405	83 
3406	24 
3407	54 
3408	72 
3409	82 
3410	66 
3411	50 
3412	38 
3413	67 
3414	44 
3415	7 
3416	97 
3417	71 
3418	68 
3419	34 
3420	15 
3421	87 
3422	50 
3423	27 
3424	85 
3425	31 
3426	26 
3427	30 
3428	62 
3429	21 
3430	33 
3431	84 
3432	102 
3433	55 
3434	17 
3435	15 
3436	92 
3437	4 
3438	94 
3439	63 
3440	104 
3441	50 
3442	84 
3443	30 
3444	63 
3445	61 
3446	88 
3447	99 
3448	102 
3449	74 
3450	88 
3451	103 
3452	9 
3453	11 
3454	15 
3455	16 
3456	42 
3457	82 
3458	53 
3459	59 
3460	53 
3461	71 
3462	5 
3463	91 
3464	5 
3465	90 
3466	85 
3467	11 
3468	60 
3469	55 
3470	85 
3471	10 
3472	60 
3473	18 
3474	52 
3475	48 
3476	20 
3477	20 
3478	72 
3479	9 
3480	67 
3481	78 
3482	63 
3483	48 
3484	71 
3485	104 
3486	21 
3487	80 
3488	87 
3489	84 
3490	11 
3491	21 
3492	50 
3493	43 
3494	58 
3495	38 
3496	76 
3497	41 
3498	4 
3499	61 
3500	58 
3501	93 
3502	58 
3503	28 
3504	60 
3505	14 
3506	102 
3507	90 
3508	81 
3509	12 
3510	84 
3511	39 
3512	8 
3513	69 
3514	73 
3515	71 
3516	17 
3517	103 
3518	50 
3519	34 
3520	53 
3521	53 
3522	83 
3523	83 
3524	72 
3525	2 
3526	3 
3527	88 
3528	32 
3529	100 
3530	41 
3531	95 
3532	31 
3533	43 
3534	90 
3535	103 
3536	50 
3537	102 
3538	80 
3539	43 
3540	68 
3541	91 
3542	38 
3543	42 
3544	43 
3545	17 
3546	30 
3547	51 
3548	31 
3549	10 
3550	30 
3551	53 
3552	63 
3553	65 
3554	74 
3555	61 
3556	91 
3557	103 
3558	63 
3559	11 
3560	28 
3561	43 
3562	1 
3563	31 
3564	97 
3565	21 
3566	3 
3567	2 
3568	98 
3569	19 
3570	37 
3571	79 
3572	71 
3573	84 
3574	22 
3575	38 
3576	95 
3577	61 
3578	50 
3579	73 
3580	46 
3581	79 
3582	39 
3583	85 
3584	36 
3585	76 
3586	9 
3587	6 
3588	3 
3589	27 
3590	46 
3591	76 
3592	102 
3593	85 
3594	93 
3595	38 
3596	41 
3597	1 
3598	102 
3599	91 
3600	90 
3601	80 
3602	71 
3603	17 
3604	72 
3605	82 
3606	26 
3607	59 
3608	41 
3609	5 
3610	55 
3611	62 
3612	21 
3613	82 
3614	6 
3615	72 
3616	15 
3617	43 
3618	80 
3619	43 
3620	61 
3621	61 
3622	69 
3623	19 
3624	82 
3625	101 
3626	21 
3627	71 
3628	7 
3629	84 
3630	46 
3631	14 
3632	80 
3633	31 
3634	57 
3635	60 
3636	99 
3637	95 
3638	70 
3639	38 
3640	35 
3641	2 
3642	34 
3643	103 
3644	2 
3645	33 
3646	51 
3647	13 
3648	31 
3649	99 
3650	66 
3651	60 
3652	57 
3653	63 
3654	64 
3655	104 
3656	21 
3657	84 
3658	76 
3659	77 
3660	64 
3661	26 
3662	83 
3663	69 
3664	38 
3665	21 
3666	1 
3667	2 
3668	98 
3669	62 
3670	84 
3671	81 
3672	22 
3673	83 
3674	26 
3675	86 
3676	29 
3677	34 
3678	75 
3679	18 
3680	2 
3681	38 
3682	15 
3683	45 
3684	66 
3685	80 
3686	41 
3687	31 
3688	37 
3689	70 
3690	9 
3691	5 
3692	88 
3693	84 
3694	87 
3695	59 
3696	96 
3697	90 
3698	82 
3699	81 
3700	2 
3701	50 
3702	75 
3703	60 
3704	50 
3705	11 
3706	27 
3707	61 
3708	64 
3709	20 
3710	19 
3711	49 
3712	104 
3713	8 
3714	69 
3715	5 
3716	101 
3717	44 
3718	34 
3719	88 
3720	69 
3721	70 
3722	90 
3723	48 
3724	69 
3725	56 
3726	56 
3727	46 
3728	71 
3729	90 
3730	39 
3731	49 
3732	27 
3733	14 
3734	85 
3735	38 
3736	44 
3737	15 
3738	76 
3739	72 
3740	20 
3741	43 
3742	82 
3743	80 
3744	100 
3745	56 
3746	5 
3747	85 
3748	21 
3749	49 
3750	23 
3751	74 
3752	63 
3753	53 
3754	50 
3755	85 
3756	45 
3757	78 
3758	19 
3759	6 
3760	41 
3761	94 
3762	32 
3763	50 
3764	14 
3765	10 
3766	13 
3767	7 
3768	69 
3769	70 
3770	50 
3771	13 
3772	21 
3773	33 
3774	37 
3775	93 
3776	9 
3777	31 
3778	87 
3779	64 
3780	41 
3781	32 
3782	67 
3783	21 
3784	49 
3785	48 
3786	63 
3787	60 
3788	32 
3789	59 
3790	103 
3791	47 
3792	85 
3793	66 
3794	63 
3795	8 
3796	13 
3797	9 
3798	17 
3799	77 
3800	82 
3801	25 
3802	93 
3803	14 
3804	85 
3805	43 
3806	56 
3807	53 
3808	15 
3809	69 
3810	7 
3811	17 
3812	30 
3813	48 
3814	39 
3815	34 
3816	81 
3817	72 
3818	13 
3819	9 
3820	64 
3821	41 
3822	19 
3823	46 
3824	34 
3825	40 
3826	96 
3827	86 
3828	79 
3829	64 
3830	48 
3831	36 
3832	30 
3833	41 
3834	75 
3835	25 
3836	21 
3837	55 
3838	66 
3839	35 
3840	98 
3841	42 
3842	45 
3843	80 
3844	24 
3845	56 
3846	15 
3847	38 
3848	71 
3849	98 
3850	80 
3851	49 
3852	11 
3853	61 
3854	102 
3855	43 
3856	19 
3857	85 
3858	35 
3859	12 
3860	21 
3861	23 
3862	3 
3863	70 
3864	49 
3865	84 
3866	89 
3867	47 
3868	88 
3869	44 
3870	50 
3871	30 
3872	10 
3873	46 
3874	61 
3875	65 
3876	55 
3877	63 
3878	5 
3879	66 
3880	90 
3881	104 
3882	3 
3883	85 
3884	60 
3885	61 
3886	30 
3887	56 
3888	5 
3889	50 
3890	51 
3891	78 
3892	53 
3893	80 
3894	39 
3895	81 
3896	74 
3897	104 
3898	93 
3899	38 
3900	56 
3901	80 
3902	3 
3903	11 
3904	34 
3905	29 
3906	88 
3907	87 
3908	41 
3909	31 
3910	57 
3911	84 
3912	50 
3913	92 
3914	11 
3915	56 
3916	21 
3917	86 
3918	17 
3919	97 
3920	69 
3921	89 
3922	33 
3923	54 
3924	64 
3925	71 
3926	61 
3927	11 
3928	102 
3929	21 
3930	68 
3931	36 
3932	49 
3933	3 
3934	24 
3935	43 
3936	1 
3937	64 
3938	61 
3939	22 
3940	19 
3941	21 
3942	77 
3943	78 
3944	75 
3945	6 
3946	41 
3947	16 
3948	74 
3949	71 
3950	78 
3951	17 
3952	31 
3953	37 
3954	51 
3955	5 
3956	28 
3957	61 
3958	65 
3959	70 
3960	7 
3961	30 
3962	46 
3963	61 
3964	84 
3965	32 
3966	25 
3967	31 
3968	38 
3969	14 
3970	83 
3971	19 
3972	104 
3973	44 
3974	15 
3975	49 
3976	58 
3977	25 
3978	71 
3979	69 
3980	26 
3981	101 
3982	80 
3983	16 
3984	38 
3985	54 
3986	13 
3987	83 
3988	84 
3989	103 
3990	21 
3991	59 
3992	90 
3993	47 
3994	83 
3995	19 
3996	42 
3997	55 
3998	81 
3999	34 
4000	5 
4001	88 
4002	82 
4003	55 
4004	78 
4005	91 
4006	61 
4007	66 
4008	45 
4009	38 
4010	50 
4011	80 
4012	18 
4013	31 
4014	53 
4015	89 
4016	53 
4017	13 
4018	31 
4019	76 
4020	6 
4021	82 
4022	18 
4023	68 
4024	9 
4025	1 
4026	83 
4027	54 
4028	30 
4029	35 
4030	92 
4031	16 
4032	84 
4033	79 
4034	49 
4035	75 
4036	96 
4037	91 
4038	64 
4039	28 
4040	103 
4041	71 
4042	96 
4043	3 
4044	8 
4045	71 
4046	13 
4047	66 
4048	53 
4049	99 
4050	88 
4051	70 
4052	102 
4053	90 
4054	10 
4055	68 
4056	5 
4057	8 
4058	34 
4059	64 
4060	69 
4061	74 
4062	71 
4063	31 
4064	15 
4065	28 
4066	43 
4067	38 
4068	57 
4069	56 
4070	53 
4071	42 
4072	58 
4073	21 
4074	56 
4075	63 
4076	49 
4077	48 
4078	8 
4079	33 
4080	66 
4081	53 
4082	83 
4083	45 
4084	17 
4085	19 
4086	97 
4087	31 
4088	90 
4089	76 
4090	11 
4091	38 
4092	95 
4093	51 
4094	6 
4095	88 
4096	45 
4097	3 
4098	66 
4099	102 
4100	34 
4101	23 
4102	56 
4103	28 
4104	84 
4105	3 
4106	74 
4107	50 
4108	15 
4109	46 
4110	50 
4111	10 
4112	77 
4113	34 
4114	82 
4115	80 
4116	55 
4117	101 
4118	22 
4119	88 
4120	21 
4121	28 
4122	34 
4123	50 
4124	67 
4125	1 
4126	47 
4127	43 
4128	28 
4129	48 
4130	84 
4131	71 
4132	6 
4133	62 
4134	52 
4135	8 
4136	57 
4137	32 
4138	85 
4139	55 
4140	78 
4141	97 
4142	62 
4143	71 
4144	3 
4145	17 
4146	62 
4147	96 
4148	40 
4149	7 
4150	63 
4151	58 
4152	28 
4153	58 
4154	46 
4155	90 
4156	81 
4157	64 
4158	14 
4159	64 
4160	80 
4161	38 
4162	83 
4163	102 
4164	16 
4165	95 
4166	34 
4167	83 
4168	46 
4169	103 
4170	15 
4171	10 
4172	60 
4173	62 
4174	71 
4175	18 
4176	38 
4177	79 
4178	58 
4179	57 
4180	104 
4181	66 
4182	80 
4183	88 
4184	45 
4185	66 
4186	66 
4187	53 
4188	69 
4189	103 
4190	80 
4191	15 
4192	26 
4193	50 
4194	7 
4195	64 
4196	71 
4197	33 
4198	50 
4199	85 
4200	18 
4201	21 
4202	6 
4203	13 
4204	50 
4205	89 
4206	48 
4207	95 
4208	19 
4209	37 
4210	17 
4211	46 
4212	5 
4213	17 
4214	89 
4215	94 
4216	7 
4217	90 
4218	89 
4219	79 
4220	21 
4221	81 
4222	24 
4223	72 
4224	50 
4225	68 
4226	78 
4227	101 
4228	80 
4229	85 
4230	66 
4231	55 
4232	38 
4233	47 
4234	30 
4235	74 
4236	84 
4237	46 
4238	76 
4239	3 
4240	48 
4241	59 
4242	14 
4243	51 
4244	66 
4245	72 
4246	49 
4247	102 
4248	2 
4249	80 
4250	43 
4251	82 
4252	102 
4253	45 
4254	62 
4255	26 
4256	28 
4257	79 
4258	91 
4259	31 
4260	50 
4261	75 
4262	40 
4263	20 
4264	104 
4265	85 
4266	84 
4267	14 
4268	101 
4269	37 
4270	21 
4271	59 
4272	69 
4273	91 
4274	57 
4275	21 
4276	59 
4277	71 
4278	103 
4279	50 
4280	72 
4281	63 
4282	30 
4283	92 
4284	44 
4285	19 
4286	65 
4287	79 
4288	90 
4289	38 
4290	34 
4291	58 
4292	82 
4293	103 
4294	56 
4295	5 
4296	38 
4297	45 
4298	55 
4299	95 
4300	103 
4301	63 
4302	17 
4303	20 
4304	26 
4305	92 
4306	45 
4307	69 
4308	14 
4309	22 
4310	75 
4311	22 
4312	38 
4313	41 
4314	35 
4315	90 
4316	55 
4317	50 
4318	45 
4319	87 
4320	55 
4321	45 
4322	101 
4323	14 
4324	44 
4325	90 
4326	45 
4327	3 
4328	71 
4329	22 
4330	92 
4331	49 
4332	14 
4333	24 
4334	69 
4335	11 
4336	72 
4337	21 
4338	59 
4339	46 
4340	61 
4341	14 
4342	84 
4343	13 
4344	101 
4345	82 
4346	45 
4347	80 
4348	45 
4349	4 
4350	85 
4351	46 
4352	21 
4353	33 
4354	93 
4355	90 
4356	21 
4357	89 
4358	48 
4359	63 
4360	46 
4361	35 
4362	53 
4363	76 
4364	93 
4365	37 
4366	18 
4367	80 
4368	2 
4369	1 
4370	98 
4371	76 
4372	83 
4373	7 
4374	86 
4375	62 
4376	20 
4377	1 
4378	67 
4379	72 
4380	19 
4381	30 
4382	66 
4383	83 
4384	15 
4385	35 
4386	53 
4387	50 
4388	74 
4389	57 
4390	49 
4391	100 
4392	67 
4393	34 
4394	68 
4395	72 
4396	19 
4397	80 
4398	17 
4399	81 
4400	8 
4401	43 
4402	66 
4403	85 
4404	17 
4405	14 
4406	17 
4407	102 
4408	44 
4409	11 
4410	82 
4411	8 
4412	41 
4413	13 
4414	59 
4415	11 
4416	44 
4417	85 
4418	80 
4419	60 
4420	47 
4421	72 
4422	88 
4423	43 
4424	70 
4425	2 
4426	39 
4427	89 
4428	16 
4429	53 
4430	57 
4431	12 
4432	45 
4433	76 
4434	104 
4435	100 
4436	82 
4437	3 
4438	85 
4439	30 
4440	88 
4441	46 
4442	46 
4443	37 
4444	46 
4445	26 
4446	46 
4447	28 
4448	64 
4449	45 
4450	34 
4451	84 
4452	93 
4453	50 
4454	104 
4455	17 
4456	9 
4457	97 
4458	59 
4459	15 
4460	66 
4461	21 
4462	89 
4463	81 
4464	30 
4465	10 
4466	31 
4467	30 
4468	48 
4469	69 
4470	98 
4471	15 
4472	72 
4473	95 
4474	68 
4475	31 
4476	32 
4477	86 
4478	80 
4479	84 
4480	41 
4481	57 
4482	15 
4483	10 
4484	99 
4485	57 
4486	69 
4487	71 
4488	31 
4489	14 
4490	85 
4491	56 
4492	76 
4493	91 
4494	92 
4495	81 
4496	60 
4497	61 
4498	31 
4499	66 
4500	67 
4501	85 
4502	23 
4503	57 
4504	99 
4505	76 
4506	53 
4507	47 
4508	82 
4509	55 
4510	102 
4511	53 
4512	84 
4513	77 
4514	57 
4515	15 
4516	7 
4517	70 
4518	33 
4519	64 
4520	100 
4521	6 
4522	71 
4523	51 
4524	98 
4525	96 
4526	14 
4527	34 
4528	30 
4529	54 
4530	47 
4531	10 
4532	31 
4533	69 
4534	52 
4535	43 
4536	83 
4537	43 
4538	6 
4539	32 
4540	46 
4541	96 
4542	49 
4543	91 
4544	34 
4545	92 
4546	82 
4547	38 
4548	25 
4549	56 
4550	58 
4551	81 
4552	68 
4553	15 
4554	104 
4555	50 
4556	80 
4557	30 
4558	59 
4559	102 
4560	87 
4561	19 
4562	21 
4563	71 
4564	104 
4565	26 
4566	15 
4567	53 
4568	76 
4569	2 
4570	46 
4571	26 
4572	58 
4573	63 
4574	34 
4575	34 
4576	46 
4577	98 
4578	32 
4579	30 
4580	57 
4581	12 
4582	75 
4583	74 
4584	46 
4585	76 
4586	78 
4587	67 
4588	13 
4589	9 
4590	63 
4591	104 
4592	66 
4593	60 
4594	88 
4595	70 
4596	71 
4597	102 
4598	55 
4599	13 
4600	90 
4601	34 
4602	97 
4603	6 
4604	53 
4605	44 
4606	18 
4607	84 
4608	53 
4609	28 
4610	40 
4611	83 
4612	44 
4613	43 
4614	32 
4615	44 
4616	34 
4617	22 
4618	53 
4619	83 
4620	74 
4621	67 
4622	46 
4623	15 
4624	46 
4625	83 
4626	92 
4627	31 
4628	62 
4629	80 
4630	34 
4631	31 
4632	18 
4633	103 
4634	41 
4635	30 
4636	62 
4637	28 
4638	16 
4639	72 
4640	73 
4641	104 
4642	52 
4643	77 
4644	70 
4645	74 
4646	54 
4647	45 
4648	17 
4649	65 
4650	52 
4651	37 
4652	4 
4653	90 
4654	59 
4655	21 
4656	18 
4657	87 
4658	50 
4659	46 
4660	81 
4661	35 
4662	86 
4663	14 
4664	35 
4665	18 
4666	45 
4667	52 
4668	21 
4669	54 
4670	36 
4671	86 
4672	15 
4673	80 
4674	49 
4675	61 
4676	55 
4677	31 
4678	38 
4679	12 
4680	58 
4681	62 
4682	63 
4683	38 
4684	54 
4685	84 
4686	82 
4687	55 
4688	21 
4689	5 
4690	102 
4691	30 
4692	18 
4693	19 
4694	84 
4695	34 
4696	5 
4697	34 
4698	89 
4699	55 
4700	39 
4701	98 
4702	33 
4703	46 
4704	59 
4705	22 
4706	100 
4707	61 
4708	30 
4709	101 
4710	72 
4711	74 
4712	59 
4713	41 
4714	90 
4715	18 
4716	4 
4717	15 
4718	18 
4719	91 
4720	14 
4721	45 
4722	30 
4723	57 
4724	37 
4725	13 
4726	21 
4727	9 
4728	6 
4729	19 
4730	83 
4731	53 
4732	7 
4733	33 
4734	72 
4735	99 
4736	11 
4737	55 
4738	29 
4739	46 
4740	85 
4741	53 
4742	38 
4743	63 
4744	18 
4745	82 
4746	64 
4747	15 
4748	77 
4749	44 
4750	89 
4751	72 
4752	17 
4753	62 
4754	52 
4755	72 
4756	11 
4757	36 
4758	62 
4759	28 
4760	23 
4761	23 
4762	33 
4763	30 
4764	69 
4765	104 
4766	50 
4767	45 
4768	38 
4769	30 
4770	69 
4771	85 
4772	78 
4773	45 
4774	38 
4775	78 
4776	79 
4777	87 
4778	41 
4779	74 
4780	49 
4781	56 
4782	85 
4783	84 
4784	57 
4785	17 
4786	37 
4787	102 
4788	34 
4789	76 
4790	58 
4791	95 
4792	13 
4793	50 
4794	17 
4795	15 
4796	23 
4797	79 
4798	58 
4799	45 
4800	70 
4801	65 
4802	66 
4803	7 
4804	34 
4805	7 
4806	81 
4807	56 
4808	15 
4809	102 
4810	28 
4811	45 
4812	54 
4813	104 
4814	89 
4815	77 
4816	13 
4817	69 
4818	17 
4819	63 
4820	61 
4821	30 
4822	65 
4823	80 
4824	72 
4825	33 
4826	48 
4827	73 
4828	37 
4829	91 
4830	90 
4831	50 
4832	9 
4833	66 
4834	51 
4835	32 
4836	45 
4837	82 
4838	35 
4839	58 
4840	6 
4841	90 
4842	59 
4843	75 
4844	64 
4845	28 
4846	91 
4847	68 
4848	34 
4849	77 
4850	71 
4851	77 
4852	28 
4853	26 
4854	55 
4855	47 
4856	60 
4857	83 
4858	85 
4859	31 
4860	95 
4861	35 
4862	2 
4863	74 
4864	17 
4865	58 
4866	61 
4867	59 
4868	69 
4869	5 
4870	45 
4871	80 
4872	102 
4873	56 
4874	45 
4875	31 
4876	60 
4877	8 
4878	76 
4879	43 
4880	90 
4881	88 
4882	30 
4883	4 
4884	93 
4885	1 
4886	46 
4887	55 
4888	19 
4889	28 
4890	84 
4891	15 
4892	103 
4893	38 
4894	5 
4895	18 
4896	17 
4897	93 
4898	82 
4899	56 
4900	59 
4901	15 
4902	41 
4903	76 
4904	98 
4905	4 
4906	103 
4907	35 
4908	72 
4909	64 
4910	44 
4911	55 
4912	89 
4913	103 
4914	15 
4915	10 
4916	11 
4917	57 
4918	32 
4919	7 
4920	16 
4921	51 
4922	8 
4923	80 
4924	53 
4925	87 
4926	80 
4927	50 
4928	21 
4929	51 
4930	85 
4931	19 
4932	45 
4933	72 
4934	13 
4935	50 
4936	82 
4937	72 
4938	55 
4939	85 
4940	50 
4941	5 
4942	57 
4943	1 
4944	32 
4945	90 
4946	90 
4947	75 
4948	53 
4949	80 
4950	38 
4951	11 
4952	13 
4953	7 
4954	49 
4955	84 
4956	44 
4957	101 
4958	83 
4959	45 
4960	2 
4961	19 
4962	2 
4963	23 
4964	85 
4965	83 
4966	49 
4967	58 
4968	16 
4969	88 
4970	16 
4971	76 
4972	74 
4973	15 
4974	72 
4975	21 
4976	97 
4977	15 
4978	19 
4979	46 
4980	2 
4981	66 
4982	4 
4983	33 
4984	17 
4985	9 
4986	85 
4987	54 
4988	77 
4989	83 
4990	32 
4991	58 
4992	34 
4993	66 
4994	90 
4995	31 
4996	101 
4997	71 
4998	19 
4999	69 
5000	90 
