1	5 
2	6 
3	5 
4	13 
5	6 
6	12 
7	1 
8	5 
9	15 
10	12 
11	1 
12	11 
13	5 
14	17 
15	6 
16	15 
17	6 
18	6 
19	13 
20	6 
21	2 
22	6 
23	1 
24	15 
25	5 
26	7 
27	11 
28	3 
29	2 
30	16 
31	6 
32	4 
33	9 
34	6 
35	6 
36	7 
37	14 
38	6 
39	3 
40	6 
41	5 
42	12 
43	5 
44	14 
45	11 
46	8 
47	6 
48	12 
49	17 
50	17 
51	15 
52	1 
53	7 
54	4 
55	6 
56	15 
57	9 
58	11 
59	15 
60	15 
61	2 
62	5 
63	14 
64	8 
65	5 
66	15 
67	16 
68	1 
69	6 
70	7 
71	9 
72	7 
73	14 
74	5 
75	1 
76	8 
77	10 
78	1 
79	1 
80	5 
81	14 
82	14 
83	5 
84	6 
85	7 
86	1 
87	12 
88	17 
89	16 
90	1 
91	12 
92	12 
93	12 
94	11 
95	15 
96	14 
97	12 
98	4 
99	3 
100	8 
101	2 
102	6 
103	16 
104	1 
105	11 
106	5 
107	11 
108	10 
109	12 
110	12 
111	1 
112	3 
113	5 
114	7 
115	12 
116	12 
117	1 
118	7 
119	15 
120	3 
121	12 
122	6 
123	5 
124	5 
125	8 
126	14 
127	17 
128	15 
129	7 
130	8 
131	11 
132	7 
133	15 
134	11 
135	13 
136	1 
137	15 
138	11 
139	12 
140	10 
141	17 
142	16 
143	11 
144	8 
145	13 
146	9 
147	15 
148	15 
149	4 
150	6 
151	12 
152	6 
153	1 
154	7 
155	14 
156	12 
157	4 
158	7 
159	11 
160	15 
161	5 
162	15 
163	11 
164	14 
165	5 
166	14 
167	6 
168	5 
169	14 
170	3 
171	11 
172	14 
173	5 
174	12 
175	8 
176	6 
177	8 
178	5 
179	1 
180	15 
181	5 
182	5 
183	7 
184	7 
185	15 
186	12 
187	11 
188	5 
189	14 
190	5 
191	6 
192	12 
193	7 
194	7 
195	6 
196	2 
197	9 
198	9 
199	9 
200	5 
201	11 
202	7 
203	5 
204	5 
205	12 
206	9 
207	7 
208	5 
209	12 
210	15 
211	9 
212	1 
213	12 
214	1 
215	13 
216	14 
217	14 
218	14 
219	6 
220	5 
221	12 
222	3 
223	6 
224	3 
225	6 
226	15 
227	15 
228	15 
229	10 
230	6 
231	15 
232	1 
233	7 
234	6 
235	14 
236	1 
237	16 
238	1 
239	11 
240	15 
241	13 
242	12 
243	6 
244	7 
245	11 
246	2 
247	12 
248	3 
249	7 
250	6 
251	15 
252	13 
253	14 
254	7 
255	10 
256	3 
257	4 
258	7 
259	9 
260	5 
261	4 
262	3 
263	4 
264	8 
265	7 
266	6 
267	7 
268	4 
269	1 
270	3 
271	1 
272	6 
273	4 
274	12 
275	5 
276	10 
277	12 
278	6 
279	7 
280	10 
281	12 
282	3 
283	15 
284	6 
285	5 
286	1 
287	9 
288	1 
289	2 
290	14 
291	11 
292	2 
293	4 
294	14 
295	3 
296	3 
297	15 
298	2 
299	6 
300	7 
301	15 
302	5 
303	6 
304	10 
305	6 
306	15 
307	16 
308	2 
309	12 
310	6 
311	5 
312	2 
313	8 
314	14 
315	17 
316	2 
317	6 
318	2 
319	9 
320	17 
321	15 
322	15 
323	17 
324	11 
325	13 
326	9 
327	1 
328	12 
329	1 
330	7 
331	10 
332	15 
333	3 
334	11 
335	12 
336	7 
337	10 
338	7 
339	12 
340	8 
341	6 
342	1 
343	15 
344	10 
345	9 
346	6 
347	15 
348	17 
349	7 
350	16 
351	12 
352	7 
353	15 
354	11 
355	12 
356	11 
357	14 
358	14 
359	6 
360	11 
361	7 
362	17 
363	15 
364	14 
365	7 
366	9 
367	11 
368	15 
369	16 
370	14 
371	16 
372	6 
373	5 
374	7 
375	3 
376	1 
377	6 
378	7 
379	7 
380	15 
381	5 
382	1 
383	12 
384	1 
385	1 
386	1 
387	6 
388	2 
389	5 
390	7 
391	2 
392	2 
393	15 
394	1 
395	4 
396	2 
397	7 
398	2 
399	12 
400	3 
401	14 
402	16 
403	10 
404	3 
405	12 
406	14 
407	11 
408	16 
409	4 
410	6 
411	15 
412	3 
413	14 
414	5 
415	16 
416	9 
417	11 
418	12 
419	6 
420	6 
421	14 
422	2 
423	6 
424	16 
425	6 
426	14 
427	14 
428	5 
429	10 
430	4 
431	14 
432	5 
433	13 
434	12 
435	15 
436	12 
437	7 
438	13 
439	4 
440	7 
441	1 
442	1 
443	15 
444	14 
445	8 
446	12 
447	11 
448	14 
449	4 
450	6 
451	11 
452	12 
453	14 
454	12 
455	10 
456	5 
457	15 
458	1 
459	15 
460	11 
461	6 
462	1 
463	5 
464	6 
465	5 
466	14 
467	5 
468	15 
469	3 
470	14 
471	1 
472	14 
473	1 
474	16 
475	9 
476	6 
477	15 
478	12 
479	15 
480	4 
481	12 
482	12 
483	12 
484	2 
485	7 
486	17 
487	14 
488	17 
489	15 
490	17 
491	2 
492	8 
493	16 
494	5 
495	11 
496	12 
497	9 
498	1 
499	8 
500	12 
501	14 
502	7 
503	10 
504	10 
505	11 
506	6 
507	7 
508	12 
509	5 
510	14 
511	13 
512	17 
513	2 
514	6 
515	7 
516	3 
517	1 
518	14 
519	6 
520	13 
521	17 
522	5 
523	7 
524	14 
525	14 
526	6 
527	2 
528	2 
529	7 
530	3 
531	11 
532	1 
533	4 
534	14 
535	15 
536	14 
537	11 
538	12 
539	12 
540	17 
541	8 
542	15 
543	1 
544	15 
545	5 
546	15 
547	4 
548	3 
549	15 
550	11 
551	1 
552	1 
553	11 
554	14 
555	16 
556	7 
557	12 
558	9 
559	14 
560	7 
561	6 
562	1 
563	2 
564	2 
565	17 
566	9 
567	2 
568	14 
569	15 
570	10 
571	11 
572	12 
573	6 
574	7 
575	2 
576	1 
577	15 
578	12 
579	14 
580	7 
581	6 
582	14 
583	17 
584	2 
585	1 
586	10 
587	4 
588	15 
589	15 
590	8 
591	5 
592	10 
593	12 
594	15 
595	5 
596	14 
597	1 
598	12 
599	4 
600	14 
601	9 
602	15 
603	7 
604	11 
605	7 
606	15 
607	12 
608	3 
609	16 
610	7 
611	6 
612	10 
613	14 
614	3 
615	10 
616	2 
617	1 
618	16 
619	3 
620	2 
621	14 
622	14 
623	12 
624	6 
625	14 
626	17 
627	7 
628	16 
629	5 
630	14 
631	13 
632	12 
633	2 
634	14 
635	6 
636	12 
637	14 
638	7 
639	5 
640	1 
641	6 
642	17 
643	14 
644	5 
645	8 
646	15 
647	12 
648	7 
649	15 
650	13 
651	12 
652	1 
653	15 
654	15 
655	4 
656	1 
657	12 
658	14 
659	6 
660	5 
661	14 
662	6 
663	11 
664	8 
665	1 
666	1 
667	12 
668	2 
669	7 
670	14 
671	15 
672	15 
673	3 
674	17 
675	5 
676	1 
677	7 
678	12 
679	11 
680	5 
681	7 
682	5 
683	10 
684	12 
685	7 
686	12 
687	7 
688	1 
689	4 
690	16 
691	14 
692	6 
693	4 
694	7 
695	5 
696	6 
697	3 
698	5 
699	7 
700	3 
701	7 
702	2 
703	3 
704	13 
705	17 
706	7 
707	13 
708	11 
709	12 
710	14 
711	16 
712	7 
713	5 
714	6 
715	14 
716	12 
717	7 
718	13 
719	15 
720	5 
721	7 
722	1 
723	6 
724	14 
725	3 
726	9 
727	9 
728	6 
729	11 
730	4 
731	4 
732	12 
733	11 
734	16 
735	14 
736	7 
737	1 
738	15 
739	8 
740	13 
741	3 
742	6 
743	7 
744	2 
745	15 
746	10 
747	4 
748	6 
749	5 
750	3 
751	17 
752	15 
753	14 
754	11 
755	14 
756	5 
757	14 
758	13 
759	9 
760	7 
761	11 
762	12 
763	3 
764	1 
765	1 
766	11 
767	6 
768	12 
769	8 
770	13 
771	12 
772	17 
773	15 
774	15 
775	15 
776	2 
777	4 
778	15 
779	5 
780	9 
781	6 
782	13 
783	7 
784	3 
785	10 
786	2 
787	5 
788	15 
789	7 
790	15 
791	4 
792	9 
793	12 
794	5 
795	1 
796	15 
797	7 
798	13 
799	11 
800	7 
801	2 
802	1 
803	12 
804	15 
805	10 
806	7 
807	7 
808	8 
809	14 
810	17 
811	13 
812	5 
813	15 
814	11 
815	7 
816	6 
817	1 
818	6 
819	5 
820	2 
821	13 
822	14 
823	6 
824	7 
825	13 
826	16 
827	14 
828	3 
829	5 
830	7 
831	9 
832	5 
833	5 
834	14 
835	12 
836	15 
837	11 
838	5 
839	5 
840	16 
841	9 
842	1 
843	17 
844	14 
845	8 
846	9 
847	14 
848	13 
849	9 
850	4 
851	15 
852	15 
853	9 
854	3 
855	15 
856	10 
857	14 
858	7 
859	7 
860	6 
861	9 
862	3 
863	11 
864	3 
865	3 
866	3 
867	15 
868	2 
869	5 
870	14 
871	1 
872	4 
873	3 
874	2 
875	14 
876	5 
877	4 
878	12 
879	14 
880	5 
881	8 
882	9 
883	12 
884	13 
885	2 
886	6 
887	3 
888	7 
889	17 
890	6 
891	15 
892	1 
893	14 
894	3 
895	12 
896	2 
897	6 
898	9 
899	16 
900	2 
901	3 
902	11 
903	17 
904	11 
905	12 
906	8 
907	2 
908	3 
909	5 
910	9 
911	11 
912	16 
913	5 
914	3 
915	8 
916	11 
917	5 
918	5 
919	12 
920	11 
921	12 
922	5 
923	7 
924	5 
925	17 
926	5 
927	9 
928	6 
929	6 
930	5 
931	12 
932	11 
933	15 
934	6 
935	7 
936	11 
937	5 
938	6 
939	15 
940	1 
941	12 
942	5 
943	17 
944	15 
945	5 
946	6 
947	14 
948	12 
949	12 
950	10 
951	7 
952	16 
953	16 
954	7 
955	7 
956	6 
957	12 
958	9 
959	14 
960	15 
961	8 
962	6 
963	7 
964	15 
965	3 
966	7 
967	6 
968	3 
969	11 
970	4 
971	9 
972	11 
973	14 
974	5 
975	5 
976	17 
977	5 
978	16 
979	11 
980	3 
981	14 
982	1 
983	12 
984	15 
985	5 
986	12 
987	4 
988	1 
989	2 
990	9 
991	2 
992	9 
993	7 
994	2 
995	14 
996	5 
997	17 
998	11 
999	6 
1000	17 
