1	103 
2	80 
3	90 
4	44 
5	55 
6	44 
7	19 
8	55 
9	48 
10	104 
11	92 
12	24 
13	52 
14	53 
15	104 
16	80 
17	32 
18	41 
19	102 
20	84 
21	91 
22	100 
23	97 
24	31 
25	41 
26	55 
27	39 
28	12 
29	2 
30	68 
31	71 
32	84 
33	27 
34	25 
35	100 
36	66 
37	29 
38	83 
39	61 
40	71 
41	29 
42	3 
43	98 
44	11 
45	73 
46	15 
47	91 
48	33 
49	55 
50	51 
51	62 
52	93 
53	46 
54	41 
55	38 
56	16 
57	96 
58	41 
59	72 
60	88 
61	26 
62	32 
63	34 
64	52 
65	17 
66	80 
67	80 
68	48 
69	102 
70	45 
71	82 
72	75 
73	75 
74	97 
75	84 
76	50 
77	61 
78	6 
79	71 
80	46 
81	71 
82	72 
83	89 
84	76 
85	46 
86	30 
87	14 
88	40 
89	85 
90	18 
91	93 
92	45 
93	4 
94	74 
95	81 
96	31 
97	11 
98	17 
99	54 
100	29 
101	35 
102	19 
103	57 
104	19 
105	51 
106	97 
107	66 
108	85 
109	23 
110	21 
111	41 
112	84 
113	80 
114	46 
115	30 
116	56 
117	55 
118	13 
119	30 
120	35 
121	30 
122	90 
123	43 
124	40 
125	71 
126	78 
127	31 
128	44 
129	77 
130	14 
131	83 
132	14 
133	64 
134	83 
135	33 
136	83 
137	60 
138	33 
139	60 
140	83 
141	98 
142	3 
143	28 
144	83 
145	8 
146	33 
147	53 
148	2 
149	72 
150	80 
151	38 
152	29 
153	16 
154	34 
155	74 
156	13 
157	94 
158	30 
159	66 
160	56 
161	99 
162	14 
163	103 
164	64 
165	49 
166	47 
167	85 
168	5 
169	60 
170	15 
171	30 
172	56 
173	59 
174	88 
175	64 
176	7 
177	6 
178	46 
179	84 
180	96 
181	104 
182	28 
183	83 
184	19 
185	69 
186	101 
187	97 
188	17 
189	63 
190	53 
191	89 
192	83 
193	16 
194	7 
195	70 
196	102 
197	34 
198	41 
199	15 
200	28 
201	48 
202	2 
203	68 
204	53 
205	85 
206	19 
207	78 
208	26 
209	81 
210	26 
211	56 
212	42 
213	46 
214	55 
215	102 
216	100 
217	84 
218	1 
219	19 
220	71 
221	7 
222	75 
223	39 
224	91 
225	28 
226	85 
227	38 
228	50 
229	89 
230	53 
231	103 
232	31 
233	37 
234	58 
235	61 
236	16 
237	25 
238	85 
239	57 
240	69 
241	46 
242	83 
243	76 
244	32 
245	76 
246	57 
247	31 
248	59 
249	42 
250	44 
251	58 
252	69 
253	58 
254	82 
255	70 
256	34 
257	35 
258	79 
259	71 
260	70 
261	47 
262	55 
263	71 
264	95 
265	51 
266	35 
267	25 
268	43 
269	32 
270	80 
271	43 
272	13 
273	91 
274	19 
275	15 
276	75 
277	55 
278	37 
279	95 
280	101 
281	101 
282	94 
283	80 
284	23 
285	53 
286	26 
287	49 
288	14 
289	45 
290	79 
291	4 
292	69 
293	50 
294	66 
295	54 
296	41 
297	39 
298	80 
299	14 
300	56 
301	28 
302	56 
303	3 
304	94 
305	83 
306	59 
307	78 
308	73 
309	46 
310	7 
311	42 
312	97 
313	61 
314	13 
315	53 
316	11 
317	69 
318	84 
319	65 
320	72 
321	49 
322	19 
323	97 
324	85 
325	64 
326	8 
327	31 
328	64 
329	90 
330	5 
331	48 
332	43 
333	35 
334	79 
335	55 
336	56 
337	53 
338	53 
339	56 
340	13 
341	43 
342	55 
343	19 
344	22 
345	31 
346	62 
347	21 
348	101 
349	50 
350	64 
351	36 
352	38 
353	79 
354	64 
355	45 
356	2 
357	67 
358	36 
359	45 
360	22 
361	47 
362	19 
363	49 
364	103 
365	13 
366	6 
367	78 
368	46 
369	57 
370	30 
371	44 
372	19 
373	58 
374	23 
375	45 
376	54 
377	68 
378	15 
379	80 
380	38 
381	28 
382	53 
383	34 
384	66 
385	58 
386	4 
387	31 
388	102 
389	58 
390	84 
391	52 
392	48 
393	19 
394	82 
395	4 
396	45 
397	10 
398	11 
399	13 
400	90 
401	31 
402	76 
403	40 
404	14 
405	55 
406	43 
407	89 
408	15 
409	51 
410	46 
411	92 
412	60 
413	38 
414	90 
415	4 
416	80 
417	53 
418	33 
419	44 
420	14 
421	4 
422	5 
423	43 
424	82 
425	18 
426	41 
427	62 
428	13 
429	13 
430	34 
431	68 
432	67 
433	56 
434	28 
435	31 
436	85 
437	81 
438	55 
439	14 
440	41 
441	16 
442	15 
443	14 
444	20 
445	77 
446	104 
447	65 
448	95 
449	50 
450	38 
451	32 
452	2 
453	75 
454	13 
455	56 
456	8 
457	31 
458	31 
459	69 
460	57 
461	63 
462	55 
463	25 
464	83 
465	62 
466	86 
467	69 
468	27 
469	82 
470	103 
471	13 
472	100 
473	55 
474	75 
475	39 
476	102 
477	35 
478	80 
479	82 
480	50 
481	72 
482	76 
483	64 
484	75 
485	32 
486	21 
487	6 
488	47 
489	66 
490	21 
491	86 
492	82 
493	34 
494	89 
495	84 
496	6 
497	7 
498	13 
499	27 
500	82 
501	32 
502	45 
503	39 
504	53 
505	19 
506	30 
507	59 
508	14 
509	53 
510	86 
511	88 
512	33 
513	7 
514	3 
515	46 
516	30 
517	55 
518	71 
519	60 
520	94 
521	28 
522	53 
523	79 
524	84 
525	31 
526	69 
527	63 
528	104 
529	61 
530	81 
531	74 
532	85 
533	7 
534	39 
535	15 
536	64 
537	10 
538	53 
539	52 
540	80 
541	57 
542	30 
543	4 
544	6 
545	15 
546	34 
547	71 
548	20 
549	78 
550	61 
551	90 
552	50 
553	47 
554	66 
555	53 
556	30 
557	36 
558	71 
559	44 
560	64 
561	95 
562	45 
563	96 
564	45 
565	32 
566	84 
567	70 
568	41 
569	11 
570	92 
571	46 
572	38 
573	22 
574	103 
575	82 
576	21 
577	85 
578	102 
579	38 
580	37 
581	62 
582	49 
583	31 
584	34 
585	6 
586	17 
587	2 
588	53 
589	12 
590	40 
591	92 
592	32 
593	80 
594	43 
595	54 
596	30 
597	52 
598	73 
599	38 
600	101 
601	85 
602	76 
603	102 
604	13 
605	45 
606	31 
607	21 
608	83 
609	43 
610	61 
611	81 
612	88 
613	94 
614	16 
615	45 
616	37 
617	75 
618	26 
619	102 
620	58 
621	69 
622	17 
623	58 
624	64 
625	58 
626	69 
627	56 
628	94 
629	93 
630	29 
631	88 
632	26 
633	80 
634	68 
635	58 
636	74 
637	17 
638	75 
639	32 
640	47 
641	73 
642	16 
643	83 
644	50 
645	75 
646	79 
647	66 
648	38 
649	79 
650	59 
651	37 
652	92 
653	36 
654	104 
655	31 
656	33 
657	49 
658	64 
659	8 
660	17 
661	63 
662	62 
663	88 
664	82 
665	56 
666	73 
667	55 
668	103 
669	1 
670	11 
671	52 
672	50 
673	36 
674	75 
675	51 
676	59 
677	53 
678	64 
679	95 
680	61 
681	85 
682	64 
683	91 
684	13 
685	64 
686	65 
687	7 
688	56 
689	41 
690	69 
691	79 
692	104 
693	45 
694	13 
695	91 
696	92 
697	63 
698	62 
699	19 
700	71 
701	13 
702	59 
703	46 
704	60 
705	53 
706	15 
707	14 
708	24 
709	55 
710	83 
711	84 
712	15 
713	42 
714	11 
715	83 
716	32 
717	102 
718	23 
719	96 
720	70 
721	89 
722	45 
723	66 
724	82 
725	90 
726	38 
727	16 
728	63 
729	21 
730	71 
731	45 
732	38 
733	77 
734	30 
735	103 
736	68 
737	90 
738	57 
739	89 
740	65 
741	44 
742	101 
743	69 
744	45 
745	73 
746	57 
747	98 
748	75 
749	1 
750	56 
751	84 
752	15 
753	56 
754	50 
755	30 
756	39 
757	79 
758	67 
759	38 
760	95 
761	71 
762	64 
763	55 
764	83 
765	55 
766	31 
767	61 
768	10 
769	95 
770	84 
771	61 
772	83 
773	4 
774	82 
775	98 
776	41 
777	37 
778	2 
779	38 
780	6 
781	11 
782	33 
783	74 
784	60 
785	20 
786	55 
787	8 
788	2 
789	68 
790	57 
791	45 
792	72 
793	85 
794	41 
795	3 
796	34 
797	85 
798	76 
799	32 
800	66 
801	14 
802	68 
803	90 
804	24 
805	20 
806	26 
807	56 
808	37 
809	89 
810	32 
811	80 
812	78 
813	79 
814	74 
815	82 
816	11 
817	81 
818	42 
819	71 
820	48 
821	11 
822	49 
823	76 
824	14 
825	75 
826	85 
827	104 
828	17 
829	69 
830	91 
831	9 
832	98 
833	84 
834	52 
835	30 
836	27 
837	32 
838	21 
839	77 
840	48 
841	104 
842	56 
843	104 
844	63 
845	9 
846	28 
847	7 
848	93 
849	98 
850	55 
851	2 
852	32 
853	21 
854	95 
855	18 
856	65 
857	77 
858	87 
859	64 
860	79 
861	11 
862	19 
863	41 
864	69 
865	101 
866	95 
867	9 
868	15 
869	44 
870	14 
871	34 
872	69 
873	66 
874	56 
875	91 
876	45 
877	38 
878	67 
879	8 
880	19 
881	20 
882	49 
883	66 
884	71 
885	45 
886	90 
887	85 
888	63 
889	33 
890	59 
891	16 
892	11 
893	82 
894	90 
895	68 
896	90 
897	28 
898	64 
899	16 
900	72 
901	49 
902	46 
903	31 
904	49 
905	13 
906	48 
907	50 
908	79 
909	62 
910	60 
911	5 
912	97 
913	61 
914	12 
915	4 
916	63 
917	42 
918	63 
919	36 
920	55 
921	83 
922	11 
923	35 
924	4 
925	50 
926	58 
927	45 
928	6 
929	51 
930	102 
931	102 
932	34 
933	64 
934	91 
935	20 
936	81 
937	73 
938	94 
939	102 
940	6 
941	53 
942	64 
943	46 
944	66 
945	64 
946	70 
947	57 
948	6 
949	63 
950	47 
951	82 
952	48 
953	81 
954	61 
955	98 
956	34 
957	21 
958	71 
959	17 
960	61 
961	99 
962	96 
963	2 
964	97 
965	11 
966	18 
967	66 
968	61 
969	50 
970	19 
971	26 
972	13 
973	103 
974	88 
975	88 
976	46 
977	71 
978	99 
979	43 
980	19 
981	104 
982	6 
983	63 
984	18 
985	102 
986	77 
987	87 
988	24 
989	47 
990	103 
991	79 
992	66 
993	19 
994	51 
995	42 
996	38 
997	70 
998	81 
999	96 
1000	14 
1001	78 
1002	61 
1003	71 
1004	44 
1005	51 
1006	104 
1007	89 
1008	70 
1009	8 
1010	13 
1011	19 
1012	89 
1013	1 
1014	10 
1015	21 
1016	90 
1017	15 
1018	102 
1019	10 
1020	33 
1021	41 
1022	4 
1023	99 
1024	71 
1025	101 
1026	101 
1027	59 
1028	11 
1029	100 
1030	85 
1031	45 
1032	21 
1033	99 
1034	76 
1035	3 
1036	34 
1037	49 
1038	91 
1039	69 
1040	79 
1041	49 
1042	20 
1043	87 
1044	2 
1045	84 
1046	67 
1047	79 
1048	83 
1049	62 
1050	52 
1051	101 
1052	84 
1053	8 
1054	28 
1055	14 
1056	16 
1057	102 
1058	5 
1059	76 
1060	96 
1061	7 
1062	88 
1063	20 
1064	9 
1065	86 
1066	21 
1067	3 
1068	92 
1069	45 
1070	17 
1071	5 
1072	83 
1073	46 
1074	46 
1075	30 
1076	29 
1077	79 
1078	56 
1079	19 
1080	8 
1081	4 
1082	66 
1083	38 
1084	30 
1085	21 
1086	19 
1087	79 
1088	69 
1089	14 
1090	76 
1091	38 
1092	21 
1093	21 
1094	98 
1095	101 
1096	40 
1097	70 
1098	17 
1099	97 
1100	104 
1101	56 
1102	35 
1103	78 
1104	61 
1105	46 
1106	85 
1107	3 
1108	47 
1109	46 
1110	38 
1111	85 
1112	5 
1113	82 
1114	26 
1115	15 
1116	75 
1117	20 
1118	102 
1119	52 
1120	27 
1121	74 
1122	90 
1123	97 
1124	60 
1125	80 
1126	93 
1127	5 
1128	84 
1129	85 
1130	4 
1131	60 
1132	85 
1133	50 
1134	37 
1135	58 
1136	67 
1137	17 
1138	15 
1139	101 
1140	70 
1141	84 
1142	5 
1143	63 
1144	23 
1145	41 
1146	83 
1147	80 
1148	49 
1149	85 
1150	43 
1151	50 
1152	84 
1153	58 
1154	56 
1155	69 
1156	76 
1157	36 
1158	15 
1159	101 
1160	69 
1161	16 
1162	34 
1163	51 
1164	49 
1165	50 
1166	84 
1167	23 
1168	81 
1169	58 
1170	80 
1171	88 
1172	41 
1173	71 
1174	71 
1175	93 
1176	7 
1177	69 
1178	13 
1179	21 
1180	58 
1181	100 
1182	14 
1183	67 
1184	98 
1185	52 
1186	5 
1187	97 
1188	62 
1189	97 
1190	83 
1191	5 
1192	81 
1193	6 
1194	8 
1195	31 
1196	45 
1197	65 
1198	78 
1199	104 
1200	88 
1201	2 
1202	60 
1203	26 
1204	63 
1205	38 
1206	17 
1207	41 
1208	44 
1209	92 
1210	10 
1211	31 
1212	31 
1213	86 
1214	53 
1215	17 
1216	25 
1217	80 
1218	21 
1219	54 
1220	102 
1221	74 
1222	2 
1223	85 
1224	68 
1225	18 
1226	53 
1227	99 
1228	90 
1229	83 
1230	37 
1231	30 
1232	64 
1233	15 
1234	42 
1235	55 
1236	47 
1237	84 
1238	75 
1239	93 
1240	57 
1241	30 
1242	92 
1243	30 
1244	55 
1245	33 
1246	85 
1247	17 
1248	71 
1249	90 
1250	15 
1251	33 
1252	52 
1253	2 
1254	56 
1255	31 
1256	3 
1257	39 
1258	50 
1259	13 
1260	75 
1261	46 
1262	29 
1263	21 
1264	3 
1265	53 
1266	15 
1267	52 
1268	4 
1269	77 
1270	85 
1271	76 
1272	30 
1273	103 
1274	75 
1275	98 
1276	71 
1277	22 
1278	39 
1279	50 
1280	79 
1281	79 
1282	34 
1283	102 
1284	4 
1285	88 
1286	71 
1287	3 
1288	80 
1289	89 
1290	7 
1291	19 
1292	33 
1293	19 
1294	79 
1295	59 
1296	22 
1297	30 
1298	19 
1299	5 
1300	100 
1301	16 
1302	98 
1303	19 
1304	72 
1305	88 
1306	8 
1307	28 
1308	76 
1309	21 
1310	21 
1311	35 
1312	71 
1313	25 
1314	103 
1315	52 
1316	8 
1317	21 
1318	45 
1319	98 
1320	33 
1321	88 
1322	16 
1323	63 
1324	39 
1325	80 
1326	32 
1327	4 
1328	30 
1329	56 
1330	18 
1331	19 
1332	30 
1333	75 
1334	79 
1335	13 
1336	56 
1337	16 
1338	21 
1339	64 
1340	44 
1341	87 
1342	80 
1343	89 
1344	38 
1345	84 
1346	50 
1347	16 
1348	12 
1349	97 
1350	73 
1351	80 
1352	89 
1353	102 
1354	38 
1355	67 
1356	66 
1357	83 
1358	56 
1359	82 
1360	68 
1361	5 
1362	102 
1363	24 
1364	21 
1365	64 
1366	45 
1367	78 
1368	55 
1369	86 
1370	21 
1371	104 
1372	79 
1373	35 
1374	11 
1375	84 
1376	28 
1377	61 
1378	38 
1379	22 
1380	43 
1381	46 
1382	75 
1383	98 
1384	90 
1385	71 
1386	40 
1387	15 
1388	25 
1389	44 
1390	56 
1391	44 
1392	36 
1393	101 
1394	88 
1395	84 
1396	16 
1397	97 
1398	59 
1399	79 
1400	45 
1401	11 
1402	103 
1403	28 
1404	84 
1405	93 
1406	60 
1407	15 
1408	18 
1409	11 
1410	21 
1411	24 
1412	52 
1413	14 
1414	103 
1415	104 
1416	49 
1417	34 
1418	66 
1419	31 
1420	73 
1421	92 
1422	88 
1423	86 
1424	58 
1425	79 
1426	21 
1427	48 
1428	100 
1429	19 
1430	30 
1431	39 
1432	85 
1433	33 
1434	86 
1435	36 
1436	15 
1437	80 
1438	43 
1439	71 
1440	12 
1441	96 
1442	57 
1443	71 
1444	36 
1445	63 
1446	46 
1447	60 
1448	101 
1449	5 
1450	31 
1451	28 
1452	60 
1453	15 
1454	50 
1455	51 
1456	87 
1457	98 
1458	56 
1459	100 
1460	53 
1461	11 
1462	56 
1463	60 
1464	68 
1465	7 
1466	44 
1467	49 
1468	16 
1469	69 
1470	15 
1471	51 
1472	80 
1473	50 
1474	34 
1475	30 
1476	71 
1477	17 
1478	30 
1479	14 
1480	15 
1481	51 
1482	22 
1483	8 
1484	93 
1485	53 
1486	93 
1487	61 
1488	30 
1489	67 
1490	89 
1491	68 
1492	23 
1493	55 
1494	88 
1495	55 
1496	52 
1497	49 
1498	2 
1499	61 
1500	21 
1501	80 
1502	62 
1503	95 
1504	17 
1505	101 
1506	89 
1507	102 
1508	92 
1509	62 
1510	23 
1511	96 
1512	50 
1513	12 
1514	21 
1515	61 
1516	39 
1517	67 
1518	53 
1519	23 
1520	69 
1521	89 
1522	84 
1523	83 
1524	102 
1525	59 
1526	45 
1527	33 
1528	30 
1529	38 
1530	77 
1531	31 
1532	32 
1533	65 
1534	92 
1535	21 
1536	17 
1537	103 
1538	52 
1539	30 
1540	18 
1541	46 
1542	52 
1543	28 
1544	8 
1545	56 
1546	81 
1547	102 
1548	98 
1549	52 
1550	31 
1551	80 
1552	85 
1553	82 
1554	11 
1555	15 
1556	25 
1557	71 
1558	81 
1559	60 
1560	45 
1561	63 
1562	13 
1563	72 
1564	89 
1565	41 
1566	74 
1567	63 
1568	58 
1569	81 
1570	15 
1571	41 
1572	20 
1573	14 
1574	71 
1575	53 
1576	69 
1577	72 
1578	62 
1579	17 
1580	60 
1581	72 
1582	30 
1583	96 
1584	42 
1585	42 
1586	84 
1587	102 
1588	1 
1589	21 
1590	89 
1591	60 
1592	46 
1593	53 
1594	13 
1595	31 
1596	50 
1597	55 
1598	73 
1599	62 
1600	92 
1601	52 
1602	46 
1603	33 
1604	64 
1605	66 
1606	8 
1607	89 
1608	63 
1609	13 
1610	49 
1611	58 
1612	38 
1613	2 
1614	27 
1615	76 
1616	45 
1617	21 
1618	12 
1619	55 
1620	89 
1621	30 
1622	79 
1623	15 
1624	76 
1625	71 
1626	56 
1627	84 
1628	75 
1629	53 
1630	89 
1631	19 
1632	97 
1633	90 
1634	84 
1635	84 
1636	43 
1637	34 
1638	72 
1639	16 
1640	7 
1641	34 
1642	84 
1643	17 
1644	103 
1645	72 
1646	41 
1647	41 
1648	51 
1649	81 
1650	103 
1651	93 
1652	32 
1653	85 
1654	89 
1655	39 
1656	3 
1657	64 
1658	104 
1659	17 
1660	85 
1661	49 
1662	30 
1663	6 
1664	17 
1665	27 
1666	103 
1667	84 
1668	87 
1669	53 
1670	84 
1671	56 
1672	53 
1673	86 
1674	82 
1675	6 
1676	59 
1677	45 
1678	101 
1679	62 
1680	2 
1681	7 
1682	47 
1683	15 
1684	14 
1685	85 
1686	103 
1687	59 
1688	104 
1689	64 
1690	85 
1691	31 
1692	64 
1693	55 
1694	82 
1695	41 
1696	50 
1697	92 
1698	22 
1699	38 
1700	87 
1701	57 
1702	28 
1703	57 
1704	104 
1705	45 
1706	18 
1707	3 
1708	67 
1709	58 
1710	84 
1711	79 
1712	2 
1713	72 
1714	19 
1715	56 
1716	73 
1717	43 
1718	48 
1719	80 
1720	22 
1721	66 
1722	50 
1723	67 
1724	17 
1725	38 
1726	56 
1727	104 
1728	28 
1729	21 
1730	53 
1731	57 
1732	42 
1733	43 
1734	53 
1735	16 
1736	36 
1737	80 
1738	46 
1739	78 
1740	27 
1741	57 
1742	69 
1743	50 
1744	1 
1745	15 
1746	101 
1747	11 
1748	20 
1749	76 
1750	99 
1751	9 
1752	43 
1753	21 
1754	34 
1755	18 
1756	79 
1757	58 
1758	27 
1759	82 
1760	81 
1761	46 
1762	64 
1763	15 
1764	19 
1765	59 
1766	58 
1767	4 
1768	21 
1769	98 
1770	18 
1771	34 
1772	67 
1773	4 
1774	49 
1775	72 
1776	74 
1777	21 
1778	103 
1779	36 
1780	14 
1781	17 
1782	12 
1783	72 
1784	5 
1785	87 
1786	85 
1787	19 
1788	15 
1789	47 
1790	57 
1791	103 
1792	91 
1793	12 
1794	102 
1795	7 
1796	29 
1797	61 
1798	74 
1799	2 
1800	84 
1801	10 
1802	75 
1803	47 
1804	56 
1805	30 
1806	92 
1807	89 
1808	13 
1809	76 
1810	63 
1811	47 
1812	38 
1813	38 
1814	58 
1815	51 
1816	79 
1817	49 
1818	89 
1819	29 
1820	43 
1821	98 
1822	85 
1823	93 
1824	53 
1825	69 
1826	45 
1827	55 
1828	61 
1829	101 
1830	60 
1831	102 
1832	69 
1833	74 
1834	61 
1835	69 
1836	74 
1837	79 
1838	59 
1839	79 
1840	72 
1841	63 
1842	88 
1843	11 
1844	35 
1845	101 
1846	97 
1847	104 
1848	50 
1849	97 
1850	21 
1851	11 
1852	76 
1853	75 
1854	43 
1855	49 
1856	47 
1857	61 
1858	47 
1859	82 
1860	69 
1861	88 
1862	54 
1863	72 
1864	38 
1865	73 
1866	70 
1867	41 
1868	89 
1869	41 
1870	80 
1871	38 
1872	61 
1873	81 
1874	36 
1875	82 
1876	26 
1877	88 
1878	88 
1879	3 
1880	93 
1881	75 
1882	92 
1883	85 
1884	90 
1885	9 
1886	30 
1887	75 
1888	8 
1889	13 
1890	100 
1891	84 
1892	90 
1893	41 
1894	80 
1895	16 
1896	84 
1897	102 
1898	103 
1899	91 
1900	14 
1901	11 
1902	31 
1903	17 
1904	9 
1905	14 
1906	4 
1907	84 
1908	7 
1909	31 
1910	97 
1911	57 
1912	47 
1913	49 
1914	89 
1915	74 
1916	98 
1917	5 
1918	49 
1919	51 
1920	60 
1921	38 
1922	83 
1923	24 
1924	16 
1925	20 
1926	71 
1927	34 
1928	75 
1929	1 
1930	34 
1931	55 
1932	39 
1933	30 
1934	56 
1935	38 
1936	11 
1937	103 
1938	16 
1939	56 
1940	34 
1941	34 
1942	82 
1943	9 
1944	50 
1945	89 
1946	31 
1947	33 
1948	21 
1949	64 
1950	75 
1951	14 
1952	59 
1953	77 
1954	21 
1955	31 
1956	43 
1957	77 
1958	14 
1959	43 
1960	53 
1961	2 
1962	63 
1963	53 
1964	34 
1965	7 
1966	75 
1967	8 
1968	102 
1969	21 
1970	84 
1971	5 
1972	83 
1973	49 
1974	15 
1975	13 
1976	30 
1977	47 
1978	17 
1979	76 
1980	23 
1981	31 
1982	2 
1983	33 
1984	19 
1985	60 
1986	22 
1987	64 
1988	33 
1989	69 
1990	72 
1991	80 
1992	53 
1993	63 
1994	21 
1995	14 
1996	28 
1997	27 
1998	90 
1999	99 
2000	97 
2001	66 
2002	57 
2003	15 
2004	61 
2005	5 
2006	74 
2007	21 
2008	80 
2009	53 
2010	21 
2011	64 
2012	50 
2013	66 
2014	59 
2015	15 
2016	69 
2017	31 
2018	49 
2019	45 
2020	13 
2021	101 
2022	84 
2023	69 
2024	18 
2025	69 
2026	16 
2027	102 
2028	82 
2029	30 
2030	4 
2031	23 
2032	82 
2033	44 
2034	78 
2035	16 
2036	64 
2037	7 
2038	21 
2039	21 
2040	38 
2041	102 
2042	69 
2043	45 
2044	17 
2045	14 
2046	26 
2047	45 
2048	80 
2049	17 
2050	13 
2051	17 
2052	75 
2053	34 
2054	9 
2055	15 
2056	74 
2057	35 
2058	17 
2059	21 
2060	81 
2061	37 
2062	53 
2063	41 
2064	56 
2065	104 
2066	45 
2067	36 
2068	22 
2069	82 
2070	51 
2071	15 
2072	9 
2073	89 
2074	61 
2075	56 
2076	8 
2077	85 
2078	15 
2079	82 
2080	56 
2081	66 
2082	88 
2083	25 
2084	55 
2085	85 
2086	84 
2087	38 
2088	25 
2089	31 
2090	8 
2091	41 
2092	60 
2093	82 
2094	5 
2095	61 
2096	21 
2097	34 
2098	90 
2099	44 
2100	61 
2101	15 
2102	15 
2103	21 
2104	102 
2105	86 
2106	30 
2107	46 
2108	66 
2109	16 
2110	55 
2111	56 
2112	59 
2113	55 
2114	44 
2115	31 
2116	6 
2117	22 
2118	49 
2119	26 
2120	47 
2121	30 
2122	67 
2123	80 
2124	83 
2125	45 
2126	92 
2127	17 
2128	13 
2129	101 
2130	23 
2131	49 
2132	49 
2133	94 
2134	49 
2135	85 
2136	16 
2137	85 
2138	32 
2139	8 
2140	14 
2141	14 
2142	46 
2143	50 
2144	102 
2145	104 
2146	103 
2147	91 
2148	73 
2149	102 
2150	38 
2151	40 
2152	25 
2153	87 
2154	51 
2155	82 
2156	35 
2157	39 
2158	85 
2159	56 
2160	93 
2161	44 
2162	58 
2163	54 
2164	21 
2165	60 
2166	88 
2167	69 
2168	90 
2169	16 
2170	32 
2171	56 
2172	12 
2173	66 
2174	2 
2175	95 
2176	12 
2177	43 
2178	48 
2179	30 
2180	3 
2181	21 
2182	14 
2183	50 
2184	30 
2185	21 
2186	21 
2187	61 
2188	3 
2189	76 
2190	5 
2191	85 
2192	83 
2193	44 
2194	84 
2195	100 
2196	71 
2197	59 
2198	78 
2199	32 
2200	17 
2201	8 
2202	84 
2203	51 
2204	103 
2205	80 
2206	41 
2207	66 
2208	21 
2209	38 
2210	35 
2211	58 
2212	45 
2213	76 
2214	70 
2215	50 
2216	34 
2217	49 
2218	72 
2219	43 
2220	80 
2221	54 
2222	71 
2223	50 
2224	43 
2225	58 
2226	18 
2227	61 
2228	53 
2229	69 
2230	17 
2231	30 
2232	60 
2233	102 
2234	85 
2235	16 
2236	81 
2237	72 
2238	84 
2239	102 
2240	82 
2241	32 
2242	66 
2243	88 
2244	83 
2245	33 
2246	30 
2247	55 
2248	40 
2249	15 
2250	53 
2251	7 
2252	71 
2253	34 
2254	17 
2255	96 
2256	57 
2257	17 
2258	41 
2259	21 
2260	16 
2261	60 
2262	53 
2263	23 
2264	88 
2265	79 
2266	24 
2267	24 
2268	84 
2269	53 
2270	90 
2271	43 
2272	71 
2273	58 
2274	84 
2275	51 
2276	82 
2277	71 
2278	10 
2279	50 
2280	71 
2281	69 
2282	78 
2283	68 
2284	30 
2285	50 
2286	40 
2287	2 
2288	51 
2289	57 
2290	21 
2291	41 
2292	94 
2293	3 
2294	90 
2295	67 
2296	30 
2297	61 
2298	10 
2299	34 
2300	104 
2301	34 
2302	98 
2303	64 
2304	50 
2305	59 
2306	19 
2307	6 
2308	53 
2309	80 
2310	38 
2311	53 
2312	5 
2313	46 
2314	16 
2315	66 
2316	15 
2317	86 
2318	13 
2319	34 
2320	84 
2321	45 
2322	58 
2323	35 
2324	78 
2325	19 
2326	69 
2327	18 
2328	56 
2329	58 
2330	52 
2331	18 
2332	82 
2333	86 
2334	30 
2335	56 
2336	3 
2337	28 
2338	58 
2339	92 
2340	92 
2341	38 
2342	75 
2343	68 
2344	31 
2345	10 
2346	55 
2347	5 
2348	43 
2349	13 
2350	34 
2351	47 
2352	74 
2353	78 
2354	47 
2355	19 
2356	79 
2357	63 
2358	6 
2359	100 
2360	85 
2361	72 
2362	39 
2363	79 
2364	46 
2365	61 
2366	63 
2367	29 
2368	53 
2369	70 
2370	58 
2371	44 
2372	81 
2373	27 
2374	15 
2375	54 
2376	55 
2377	98 
2378	53 
2379	67 
2380	55 
2381	38 
2382	52 
2383	80 
2384	58 
2385	94 
2386	78 
2387	5 
2388	18 
2389	5 
2390	71 
2391	70 
2392	44 
2393	88 
2394	104 
2395	5 
2396	53 
2397	57 
2398	87 
2399	42 
2400	45 
2401	30 
2402	79 
2403	34 
2404	56 
2405	21 
2406	74 
2407	38 
2408	53 
2409	63 
2410	43 
2411	55 
2412	58 
2413	95 
2414	13 
2415	77 
2416	104 
2417	92 
2418	83 
2419	26 
2420	52 
2421	43 
2422	73 
2423	64 
2424	1 
2425	18 
2426	20 
2427	26 
2428	11 
2429	32 
2430	103 
2431	89 
2432	83 
2433	13 
2434	41 
2435	98 
2436	98 
2437	38 
2438	64 
2439	83 
2440	60 
2441	76 
2442	51 
2443	39 
2444	97 
2445	60 
2446	29 
2447	5 
2448	67 
2449	104 
2450	103 
2451	57 
2452	44 
2453	71 
2454	2 
2455	8 
2456	15 
2457	56 
2458	8 
2459	18 
2460	2 
2461	53 
2462	13 
2463	75 
2464	100 
2465	6 
2466	66 
2467	27 
2468	104 
2469	28 
2470	30 
2471	31 
2472	81 
2473	44 
2474	19 
2475	54 
2476	35 
2477	13 
2478	66 
2479	41 
2480	102 
2481	88 
2482	92 
2483	99 
2484	60 
2485	46 
2486	95 
2487	45 
2488	16 
2489	4 
2490	97 
2491	38 
2492	41 
2493	3 
2494	53 
2495	89 
2496	46 
2497	45 
2498	10 
2499	19 
2500	17 
2501	89 
2502	46 
2503	55 
2504	43 
2505	45 
2506	4 
2507	82 
2508	89 
2509	36 
2510	103 
2511	44 
2512	11 
2513	60 
2514	83 
2515	91 
2516	46 
2517	17 
2518	43 
2519	9 
2520	53 
2521	19 
2522	49 
2523	16 
2524	92 
2525	43 
2526	84 
2527	73 
2528	38 
2529	103 
2530	79 
2531	57 
2532	70 
2533	31 
2534	33 
2535	20 
2536	64 
2537	13 
2538	71 
2539	104 
2540	20 
2541	62 
2542	101 
2543	84 
2544	42 
2545	22 
2546	30 
2547	58 
2548	45 
2549	21 
2550	48 
2551	10 
2552	68 
2553	83 
2554	97 
2555	55 
2556	37 
2557	85 
2558	57 
2559	24 
2560	91 
2561	57 
2562	80 
2563	14 
2564	44 
2565	11 
2566	50 
2567	63 
2568	102 
2569	9 
2570	41 
2571	8 
2572	17 
2573	57 
2574	72 
2575	49 
2576	30 
2577	32 
2578	43 
2579	4 
2580	43 
2581	88 
2582	76 
2583	41 
2584	9 
2585	19 
2586	78 
2587	72 
2588	7 
2589	72 
2590	91 
2591	46 
2592	31 
2593	74 
2594	58 
2595	38 
2596	31 
2597	83 
2598	46 
2599	56 
2600	6 
2601	16 
2602	69 
2603	76 
2604	13 
2605	61 
2606	1 
2607	90 
2608	86 
2609	31 
2610	63 
2611	17 
2612	88 
2613	30 
2614	40 
2615	45 
2616	53 
2617	42 
2618	56 
2619	71 
2620	53 
2621	71 
2622	58 
2623	38 
2624	68 
2625	95 
2626	29 
2627	7 
2628	64 
2629	94 
2630	30 
2631	75 
2632	71 
2633	86 
2634	45 
2635	21 
2636	48 
2637	81 
2638	26 
2639	88 
2640	71 
2641	15 
2642	34 
2643	53 
2644	7 
2645	102 
2646	58 
2647	32 
2648	34 
2649	23 
2650	30 
2651	31 
2652	29 
2653	51 
2654	6 
2655	36 
2656	7 
2657	85 
2658	71 
2659	46 
2660	71 
2661	30 
2662	10 
2663	101 
2664	45 
2665	84 
2666	37 
2667	21 
2668	64 
2669	63 
2670	53 
2671	55 
2672	15 
2673	45 
2674	72 
2675	45 
2676	14 
2677	55 
2678	76 
2679	41 
2680	78 
2681	59 
2682	50 
2683	5 
2684	85 
2685	77 
2686	66 
2687	48 
2688	14 
2689	28 
2690	11 
2691	32 
2692	4 
2693	65 
2694	60 
2695	11 
2696	41 
2697	67 
2698	88 
2699	63 
2700	57 
2701	91 
2702	14 
2703	78 
2704	94 
2705	74 
2706	39 
2707	23 
2708	36 
2709	87 
2710	41 
2711	69 
2712	30 
2713	21 
2714	97 
2715	33 
2716	17 
2717	74 
2718	90 
2719	61 
2720	21 
2721	40 
2722	55 
2723	34 
2724	54 
2725	100 
2726	14 
2727	33 
2728	90 
2729	65 
2730	57 
2731	34 
2732	34 
2733	45 
2734	74 
2735	63 
2736	63 
2737	75 
2738	74 
2739	62 
2740	41 
2741	56 
2742	17 
2743	4 
2744	71 
2745	93 
2746	46 
2747	91 
2748	10 
2749	99 
2750	102 
2751	63 
2752	37 
2753	7 
2754	39 
2755	60 
2756	49 
2757	76 
2758	61 
2759	6 
2760	86 
2761	5 
2762	54 
2763	2 
2764	56 
2765	93 
2766	103 
2767	19 
2768	80 
2769	56 
2770	83 
2771	32 
2772	38 
2773	43 
2774	98 
2775	14 
2776	18 
2777	88 
2778	69 
2779	51 
2780	91 
2781	90 
2782	13 
2783	88 
2784	45 
2785	69 
2786	78 
2787	49 
2788	16 
2789	69 
2790	78 
2791	98 
2792	74 
2793	89 
2794	51 
2795	22 
2796	93 
2797	76 
2798	18 
2799	35 
2800	72 
2801	69 
2802	85 
2803	95 
2804	33 
2805	63 
2806	46 
2807	41 
2808	38 
2809	18 
2810	70 
2811	53 
2812	24 
2813	15 
2814	44 
2815	96 
2816	18 
2817	18 
2818	82 
2819	56 
2820	37 
2821	54 
2822	102 
2823	33 
2824	42 
2825	83 
2826	38 
2827	55 
2828	91 
2829	21 
2830	45 
2831	4 
2832	57 
2833	56 
2834	59 
2835	85 
2836	46 
2837	58 
2838	2 
2839	15 
2840	88 
2841	45 
2842	41 
2843	48 
2844	85 
2845	15 
2846	50 
2847	1 
2848	18 
2849	91 
2850	87 
2851	81 
2852	86 
2853	71 
2854	41 
2855	71 
2856	70 
2857	23 
2858	60 
2859	43 
2860	61 
2861	36 
2862	95 
2863	29 
2864	8 
2865	56 
2866	42 
2867	28 
2868	74 
2869	35 
2870	43 
2871	14 
2872	50 
2873	62 
2874	22 
2875	38 
2876	39 
2877	34 
2878	19 
2879	13 
2880	41 
2881	88 
2882	31 
2883	72 
2884	17 
2885	72 
2886	94 
2887	16 
2888	93 
2889	76 
2890	48 
2891	57 
2892	44 
2893	84 
2894	66 
2895	3 
2896	48 
2897	99 
2898	60 
2899	95 
2900	14 
2901	66 
2902	85 
2903	103 
2904	32 
2905	50 
2906	43 
2907	90 
2908	46 
2909	84 
2910	86 
2911	102 
2912	61 
2913	90 
2914	41 
2915	18 
2916	71 
2917	59 
2918	33 
2919	22 
2920	60 
2921	17 
2922	47 
2923	84 
2924	37 
2925	19 
2926	17 
2927	53 
2928	35 
2929	64 
2930	90 
2931	68 
2932	72 
2933	100 
2934	41 
2935	1 
2936	72 
2937	12 
2938	15 
2939	28 
2940	45 
2941	36 
2942	58 
2943	86 
2944	21 
2945	28 
2946	46 
2947	13 
2948	16 
2949	92 
2950	62 
2951	20 
2952	95 
2953	26 
2954	82 
2955	66 
2956	85 
2957	44 
2958	13 
2959	69 
2960	71 
2961	60 
2962	56 
2963	49 
2964	2 
2965	99 
2966	79 
2967	35 
2968	55 
2969	53 
2970	101 
2971	42 
2972	29 
2973	54 
2974	90 
2975	90 
2976	34 
2977	64 
2978	50 
2979	77 
2980	85 
2981	38 
2982	104 
2983	98 
2984	15 
2985	8 
2986	46 
2987	38 
2988	80 
2989	48 
2990	93 
2991	95 
2992	87 
2993	84 
2994	103 
2995	53 
2996	56 
2997	83 
2998	78 
2999	85 
3000	85 
3001	15 
3002	84 
3003	21 
3004	101 
3005	5 
3006	102 
3007	15 
3008	55 
3009	13 
3010	6 
3011	31 
3012	41 
3013	3 
3014	53 
3015	13 
3016	99 
3017	94 
3018	46 
3019	79 
3020	45 
3021	2 
3022	66 
3023	12 
3024	76 
3025	101 
3026	1 
3027	85 
3028	68 
3029	4 
3030	8 
3031	101 
3032	45 
3033	46 
3034	78 
3035	66 
3036	35 
3037	21 
3038	72 
3039	23 
3040	21 
3041	49 
3042	63 
3043	37 
3044	89 
3045	44 
3046	101 
3047	64 
3048	21 
3049	80 
3050	17 
3051	49 
3052	20 
3053	79 
3054	27 
3055	6 
3056	31 
3057	11 
3058	54 
3059	12 
3060	75 
3061	9 
3062	66 
3063	37 
3064	92 
3065	13 
3066	34 
3067	66 
3068	84 
3069	38 
3070	80 
3071	69 
3072	80 
3073	43 
3074	19 
3075	30 
3076	71 
3077	38 
3078	84 
3079	21 
3080	15 
3081	60 
3082	15 
3083	98 
3084	61 
3085	24 
3086	44 
3087	34 
3088	61 
3089	61 
3090	88 
3091	70 
3092	88 
3093	89 
3094	59 
3095	38 
3096	69 
3097	59 
3098	60 
3099	37 
3100	88 
3101	81 
3102	50 
3103	19 
3104	90 
3105	31 
3106	90 
3107	80 
3108	35 
3109	34 
3110	34 
3111	83 
3112	72 
3113	90 
3114	84 
3115	17 
3116	52 
3117	50 
3118	38 
3119	85 
3120	57 
3121	66 
3122	59 
3123	35 
3124	51 
3125	5 
3126	9 
3127	38 
3128	91 
3129	15 
3130	5 
3131	45 
3132	61 
3133	41 
3134	15 
3135	5 
3136	45 
3137	103 
3138	3 
3139	71 
3140	13 
3141	33 
3142	23 
3143	34 
3144	47 
3145	69 
3146	70 
3147	55 
3148	70 
3149	67 
3150	80 
3151	27 
3152	56 
3153	56 
3154	60 
3155	80 
3156	102 
3157	10 
3158	87 
3159	89 
3160	23 
3161	93 
3162	10 
3163	102 
3164	7 
3165	34 
3166	44 
3167	66 
3168	29 
3169	31 
3170	55 
3171	89 
3172	104 
3173	53 
3174	64 
3175	19 
3176	44 
3177	45 
3178	97 
3179	17 
3180	61 
3181	50 
3182	43 
3183	4 
3184	15 
3185	67 
3186	80 
3187	25 
3188	49 
3189	46 
3190	53 
3191	45 
3192	49 
3193	95 
3194	43 
3195	58 
3196	38 
3197	49 
3198	60 
3199	23 
3200	30 
3201	5 
3202	33 
3203	90 
3204	15 
3205	20 
3206	49 
3207	38 
3208	39 
3209	45 
3210	61 
3211	100 
3212	65 
3213	29 
3214	69 
3215	65 
3216	91 
3217	55 
3218	83 
3219	102 
3220	21 
3221	33 
3222	81 
3223	1 
3224	38 
3225	97 
3226	51 
3227	64 
3228	31 
3229	82 
3230	93 
3231	58 
3232	55 
3233	52 
3234	73 
3235	44 
3236	50 
3237	71 
3238	19 
3239	13 
3240	55 
3241	11 
3242	96 
3243	104 
3244	38 
3245	77 
3246	82 
3247	47 
3248	27 
3249	44 
3250	19 
3251	64 
3252	5 
3253	14 
3254	34 
3255	57 
3256	39 
3257	61 
3258	90 
3259	37 
3260	14 
3261	45 
3262	26 
3263	41 
3264	60 
3265	89 
3266	90 
3267	91 
3268	16 
3269	80 
3270	79 
3271	30 
3272	46 
3273	53 
3274	38 
3275	52 
3276	76 
3277	29 
3278	102 
3279	8 
3280	14 
3281	71 
3282	50 
3283	80 
3284	59 
3285	58 
3286	17 
3287	12 
3288	52 
3289	40 
3290	55 
3291	67 
3292	81 
3293	45 
3294	75 
3295	96 
3296	50 
3297	45 
3298	84 
3299	27 
3300	28 
3301	24 
3302	92 
3303	58 
3304	66 
3305	31 
3306	101 
3307	82 
3308	46 
3309	33 
3310	21 
3311	87 
3312	53 
3313	83 
3314	34 
3315	77 
3316	57 
3317	73 
3318	32 
3319	55 
3320	31 
3321	98 
3322	52 
3323	34 
3324	7 
3325	35 
3326	82 
3327	63 
3328	66 
3329	38 
3330	11 
3331	79 
3332	21 
3333	13 
3334	89 
3335	56 
3336	33 
3337	56 
3338	31 
3339	8 
3340	82 
3341	19 
3342	56 
3343	28 
3344	51 
3345	15 
3346	72 
3347	98 
3348	75 
3349	34 
3350	52 
3351	59 
3352	101 
3353	67 
3354	97 
3355	32 
3356	43 
3357	51 
3358	50 
3359	57 
3360	7 
3361	53 
3362	66 
3363	44 
3364	85 
3365	71 
3366	30 
3367	64 
3368	78 
3369	103 
3370	76 
3371	72 
3372	50 
3373	77 
3374	92 
3375	85 
3376	28 
3377	28 
3378	60 
3379	69 
3380	61 
3381	14 
3382	74 
3383	13 
3384	52 
3385	84 
3386	21 
3387	6 
3388	29 
3389	15 
3390	53 
3391	33 
3392	44 
3393	59 
3394	41 
3395	5 
3396	56 
3397	83 
3398	57 
3399	88 
3400	72 
3401	80 
3402	21 
3403	41 
3404	67 
3405	66 
3406	49 
3407	21 
3408	24 
3409	72 
3410	49 
3411	45 
3412	40 
3413	58 
3414	19 
3415	7 
3416	38 
3417	3 
3418	101 
3419	58 
3420	104 
3421	21 
3422	19 
3423	11 
3424	35 
3425	44 
3426	43 
3427	9 
3428	46 
3429	22 
3430	2 
3431	71 
3432	50 
3433	90 
3434	90 
3435	12 
3436	58 
3437	82 
3438	61 
3439	87 
3440	41 
3441	56 
3442	71 
3443	42 
3444	16 
3445	76 
3446	53 
3447	104 
3448	9 
3449	85 
3450	96 
3451	31 
3452	49 
3453	41 
3454	35 
3455	34 
3456	99 
3457	101 
3458	53 
3459	50 
3460	15 
3461	30 
3462	49 
3463	45 
3464	31 
3465	80 
3466	35 
3467	63 
3468	83 
3469	67 
3470	85 
3471	85 
3472	82 
3473	80 
3474	85 
3475	11 
3476	30 
3477	35 
3478	43 
3479	53 
3480	80 
3481	13 
3482	74 
3483	53 
3484	102 
3485	103 
3486	2 
3487	58 
3488	61 
3489	49 
3490	51 
3491	21 
3492	76 
3493	13 
3494	72 
3495	39 
3496	30 
3497	68 
3498	77 
3499	80 
3500	86 
3501	76 
3502	21 
3503	19 
3504	37 
3505	5 
3506	34 
3507	18 
3508	52 
3509	18 
3510	11 
3511	82 
3512	61 
3513	8 
3514	67 
3515	26 
3516	13 
3517	53 
3518	64 
3519	79 
3520	13 
3521	85 
3522	25 
3523	89 
3524	102 
3525	54 
3526	23 
3527	104 
3528	15 
3529	43 
3530	80 
3531	88 
3532	76 
3533	40 
3534	10 
3535	17 
3536	53 
3537	46 
3538	12 
3539	80 
3540	44 
3541	47 
3542	25 
3543	60 
3544	11 
3545	83 
3546	30 
3547	1 
3548	35 
3549	55 
3550	1 
3551	21 
3552	7 
3553	103 
3554	56 
3555	84 
3556	34 
3557	2 
3558	48 
3559	7 
3560	69 
3561	89 
3562	19 
3563	85 
3564	92 
3565	71 
3566	38 
3567	87 
3568	53 
3569	28 
3570	39 
3571	19 
3572	15 
3573	56 
3574	35 
3575	41 
3576	19 
3577	93 
3578	87 
3579	80 
3580	45 
3581	30 
3582	64 
3583	14 
3584	60 
3585	45 
3586	18 
3587	38 
3588	60 
3589	71 
3590	101 
3591	58 
3592	74 
3593	66 
3594	38 
3595	85 
3596	37 
3597	18 
3598	6 
3599	84 
3600	85 
3601	15 
3602	103 
3603	38 
3604	1 
3605	1 
3606	80 
3607	81 
3608	21 
3609	47 
3610	57 
3611	11 
3612	66 
3613	53 
3614	17 
3615	95 
3616	25 
3617	6 
3618	31 
3619	39 
3620	60 
3621	25 
3622	49 
3623	63 
3624	1 
3625	30 
3626	104 
3627	80 
3628	72 
3629	71 
3630	72 
3631	65 
3632	13 
3633	80 
3634	71 
3635	66 
3636	12 
3637	60 
3638	61 
3639	49 
3640	88 
3641	69 
3642	60 
3643	92 
3644	31 
3645	19 
3646	28 
3647	99 
3648	79 
3649	16 
3650	10 
3651	61 
3652	31 
3653	93 
3654	13 
3655	34 
3656	103 
3657	5 
3658	3 
3659	45 
3660	11 
3661	100 
3662	63 
3663	41 
3664	92 
3665	102 
3666	102 
3667	92 
3668	46 
3669	58 
3670	85 
3671	50 
3672	80 
3673	47 
3674	45 
3675	9 
3676	60 
3677	59 
3678	72 
3679	37 
3680	17 
3681	94 
3682	102 
3683	80 
3684	55 
3685	30 
3686	101 
3687	82 
3688	38 
3689	103 
3690	83 
3691	64 
3692	28 
3693	97 
3694	70 
3695	19 
3696	68 
3697	66 
3698	61 
3699	74 
3700	33 
3701	1 
3702	53 
3703	38 
3704	85 
3705	58 
3706	84 
3707	16 
3708	58 
3709	84 
3710	97 
3711	15 
3712	30 
3713	71 
3714	17 
3715	63 
3716	90 
3717	92 
3718	87 
3719	54 
3720	6 
3721	104 
3722	8 
3723	6 
3724	14 
3725	61 
3726	85 
3727	31 
3728	32 
3729	55 
3730	69 
3731	81 
3732	61 
3733	21 
3734	9 
3735	64 
3736	11 
3737	47 
3738	74 
3739	82 
3740	45 
3741	17 
3742	62 
3743	63 
3744	58 
3745	45 
3746	44 
3747	57 
3748	57 
3749	89 
3750	60 
3751	50 
3752	68 
3753	1 
3754	64 
3755	78 
3756	38 
3757	1 
3758	28 
3759	41 
3760	34 
3761	14 
3762	89 
3763	80 
3764	56 
3765	80 
3766	77 
3767	90 
3768	9 
3769	66 
3770	43 
3771	67 
3772	50 
3773	47 
3774	59 
3775	62 
3776	85 
3777	5 
3778	40 
3779	65 
3780	12 
3781	92 
3782	55 
3783	11 
3784	76 
3785	40 
3786	2 
3787	15 
3788	35 
3789	22 
3790	19 
3791	51 
3792	95 
3793	38 
3794	16 
3795	88 
3796	13 
3797	88 
3798	93 
3799	85 
3800	11 
3801	73 
3802	79 
3803	87 
3804	34 
3805	4 
3806	9 
3807	9 
3808	32 
3809	48 
3810	22 
3811	96 
3812	71 
3813	13 
3814	6 
3815	54 
3816	30 
3817	38 
3818	68 
3819	27 
3820	34 
3821	71 
3822	56 
3823	7 
3824	32 
3825	103 
3826	49 
3827	50 
3828	82 
3829	85 
3830	28 
3831	16 
3832	43 
3833	38 
3834	59 
3835	91 
3836	10 
3837	46 
3838	41 
3839	98 
3840	82 
3841	14 
3842	85 
3843	86 
3844	11 
3845	101 
3846	15 
3847	53 
3848	82 
3849	18 
3850	84 
3851	50 
3852	58 
3853	61 
3854	44 
3855	64 
3856	84 
3857	69 
3858	46 
3859	48 
3860	38 
3861	102 
3862	49 
3863	54 
3864	88 
3865	14 
3866	59 
3867	46 
3868	69 
3869	9 
3870	69 
3871	49 
3872	30 
3873	77 
3874	13 
3875	19 
3876	84 
3877	9 
3878	72 
3879	18 
3880	11 
3881	41 
3882	91 
3883	61 
3884	52 
3885	31 
3886	65 
3887	28 
3888	102 
3889	22 
3890	26 
3891	68 
3892	82 
3893	59 
3894	46 
3895	92 
3896	88 
3897	59 
3898	8 
3899	102 
3900	34 
3901	16 
3902	28 
3903	96 
3904	3 
3905	92 
3906	5 
3907	94 
3908	41 
3909	19 
3910	74 
3911	34 
3912	85 
3913	61 
3914	89 
3915	71 
3916	91 
3917	46 
3918	103 
3919	38 
3920	13 
3921	30 
3922	80 
3923	15 
3924	38 
3925	88 
3926	50 
3927	67 
3928	10 
3929	62 
3930	87 
3931	77 
3932	47 
3933	32 
3934	53 
3935	88 
3936	56 
3937	81 
3938	46 
3939	9 
3940	45 
3941	66 
3942	55 
3943	75 
3944	57 
3945	10 
3946	3 
3947	40 
3948	43 
3949	15 
3950	78 
3951	58 
3952	1 
3953	48 
3954	17 
3955	60 
3956	56 
3957	55 
3958	83 
3959	36 
3960	63 
3961	41 
3962	85 
3963	15 
3964	58 
3965	84 
3966	85 
3967	43 
3968	102 
3969	11 
3970	45 
3971	78 
3972	59 
3973	34 
3974	15 
3975	63 
3976	96 
3977	59 
3978	60 
3979	83 
3980	24 
3981	103 
3982	47 
3983	21 
3984	49 
3985	1 
3986	53 
3987	33 
3988	7 
3989	16 
3990	60 
3991	6 
3992	49 
3993	15 
3994	14 
3995	47 
3996	57 
3997	15 
3998	57 
3999	55 
4000	100 
4001	32 
4002	74 
4003	57 
4004	52 
4005	34 
4006	45 
4007	64 
4008	37 
4009	72 
4010	83 
4011	78 
4012	65 
4013	34 
4014	6 
4015	77 
4016	31 
4017	14 
4018	90 
4019	49 
4020	64 
4021	83 
4022	57 
4023	21 
4024	84 
4025	15 
4026	19 
4027	84 
4028	62 
4029	18 
4030	73 
4031	103 
4032	49 
4033	102 
4034	12 
4035	51 
4036	90 
4037	64 
4038	80 
4039	14 
4040	85 
4041	3 
4042	13 
4043	22 
4044	82 
4045	95 
4046	46 
4047	24 
4048	33 
4049	96 
4050	50 
4051	83 
4052	21 
4053	10 
4054	1 
4055	98 
4056	14 
4057	57 
4058	76 
4059	13 
4060	103 
4061	19 
4062	38 
4063	16 
4064	60 
4065	72 
4066	80 
4067	72 
4068	14 
4069	71 
4070	87 
4071	67 
4072	84 
4073	90 
4074	2 
4075	42 
4076	38 
4077	15 
4078	48 
4079	14 
4080	28 
4081	67 
4082	46 
4083	16 
4084	83 
4085	92 
4086	84 
4087	31 
4088	85 
4089	14 
4090	79 
4091	55 
4092	14 
4093	61 
4094	9 
4095	21 
4096	57 
4097	63 
4098	22 
4099	92 
4100	88 
4101	11 
4102	55 
4103	38 
4104	37 
4105	31 
4106	33 
4107	12 
4108	21 
4109	53 
4110	100 
4111	31 
4112	12 
4113	84 
4114	62 
4115	38 
4116	55 
4117	90 
4118	20 
4119	101 
4120	30 
4121	85 
4122	17 
4123	25 
4124	85 
4125	52 
4126	35 
4127	44 
4128	77 
4129	45 
4130	72 
4131	69 
4132	87 
4133	89 
4134	7 
4135	48 
4136	59 
4137	63 
4138	46 
4139	54 
4140	43 
4141	38 
4142	72 
4143	31 
4144	14 
4145	6 
4146	84 
4147	81 
4148	99 
4149	34 
4150	34 
4151	88 
4152	5 
4153	72 
4154	6 
4155	55 
4156	67 
4157	21 
4158	66 
4159	18 
4160	17 
4161	64 
4162	85 
4163	55 
4164	86 
4165	73 
4166	21 
4167	28 
4168	6 
4169	45 
4170	10 
4171	66 
4172	53 
4173	16 
4174	71 
4175	50 
4176	81 
4177	8 
4178	84 
4179	92 
4180	98 
4181	6 
4182	61 
4183	43 
4184	66 
4185	31 
4186	5 
4187	69 
4188	40 
4189	55 
4190	84 
4191	32 
4192	18 
4193	7 
4194	17 
4195	61 
4196	31 
4197	5 
4198	104 
4199	7 
4200	58 
4201	30 
4202	35 
4203	86 
4204	75 
4205	39 
4206	33 
4207	95 
4208	8 
4209	76 
4210	75 
4211	72 
4212	81 
4213	61 
4214	15 
4215	70 
4216	56 
4217	96 
4218	35 
4219	56 
4220	8 
4221	74 
4222	50 
4223	2 
4224	3 
4225	38 
4226	97 
4227	63 
4228	18 
4229	95 
4230	66 
4231	35 
4232	26 
4233	44 
4234	84 
4235	89 
4236	30 
4237	9 
4238	60 
4239	6 
4240	80 
4241	19 
4242	81 
4243	34 
4244	88 
4245	64 
4246	93 
4247	2 
4248	43 
4249	46 
4250	17 
4251	78 
4252	67 
4253	59 
4254	104 
4255	60 
4256	103 
4257	69 
4258	31 
4259	51 
4260	55 
4261	72 
4262	13 
4263	58 
4264	102 
4265	72 
4266	43 
4267	30 
4268	97 
4269	6 
4270	16 
4271	90 
4272	51 
4273	16 
4274	103 
4275	17 
4276	11 
4277	53 
4278	19 
4279	56 
4280	5 
4281	53 
4282	65 
4283	49 
4284	30 
4285	19 
4286	104 
4287	94 
4288	30 
4289	26 
4290	35 
4291	18 
4292	38 
4293	46 
4294	5 
4295	45 
4296	19 
4297	16 
4298	30 
4299	19 
4300	61 
4301	85 
4302	38 
4303	30 
4304	42 
4305	55 
4306	46 
4307	61 
4308	104 
4309	91 
4310	99 
4311	45 
4312	47 
4313	71 
4314	41 
4315	56 
4316	2 
4317	34 
4318	45 
4319	69 
4320	3 
4321	33 
4322	13 
4323	24 
4324	103 
4325	93 
4326	89 
4327	91 
4328	30 
4329	59 
4330	64 
4331	55 
4332	14 
4333	53 
4334	103 
4335	15 
4336	15 
4337	50 
4338	66 
4339	32 
4340	90 
4341	69 
4342	77 
4343	90 
4344	99 
4345	28 
4346	42 
4347	8 
4348	90 
4349	50 
4350	57 
4351	80 
4352	17 
4353	71 
4354	56 
4355	13 
4356	52 
4357	84 
4358	82 
4359	93 
4360	61 
4361	88 
4362	71 
4363	17 
4364	86 
4365	75 
4366	64 
4367	17 
4368	97 
4369	50 
4370	30 
4371	52 
4372	74 
4373	21 
4374	41 
4375	54 
4376	71 
4377	41 
4378	44 
4379	19 
4380	46 
4381	74 
4382	45 
4383	85 
4384	19 
4385	84 
4386	15 
4387	66 
4388	29 
4389	23 
4390	92 
4391	61 
4392	45 
4393	30 
4394	85 
4395	81 
4396	61 
4397	19 
4398	13 
4399	98 
4400	38 
4401	93 
4402	15 
4403	72 
4404	53 
4405	84 
4406	69 
4407	70 
4408	41 
4409	58 
4410	38 
4411	43 
4412	40 
4413	10 
4414	21 
4415	25 
4416	45 
4417	21 
4418	44 
4419	80 
4420	50 
4421	45 
4422	28 
4423	1 
4424	96 
4425	53 
4426	92 
4427	55 
4428	69 
4429	58 
4430	21 
4431	40 
4432	46 
4433	103 
4434	46 
4435	66 
4436	55 
4437	14 
4438	53 
4439	66 
4440	18 
4441	36 
4442	77 
4443	51 
4444	98 
4445	59 
4446	41 
4447	13 
4448	65 
4449	79 
4450	4 
4451	22 
4452	80 
4453	59 
4454	89 
4455	30 
4456	31 
4457	61 
4458	60 
4459	27 
4460	62 
4461	54 
4462	16 
4463	49 
4464	17 
4465	59 
4466	83 
4467	86 
4468	90 
4469	15 
4470	71 
4471	46 
4472	74 
4473	91 
4474	41 
4475	46 
4476	53 
4477	28 
4478	3 
4479	66 
4480	34 
4481	2 
4482	83 
4483	23 
4484	75 
4485	43 
4486	95 
4487	24 
4488	60 
4489	64 
4490	49 
4491	90 
4492	84 
4493	71 
4494	52 
4495	80 
4496	59 
4497	75 
4498	44 
4499	51 
4500	48 
4501	45 
4502	27 
4503	14 
4504	63 
4505	104 
4506	83 
4507	80 
4508	51 
4509	85 
4510	28 
4511	64 
4512	66 
4513	57 
4514	55 
4515	9 
4516	87 
4517	72 
4518	27 
4519	57 
4520	62 
4521	83 
4522	84 
4523	21 
4524	79 
4525	60 
4526	103 
4527	102 
4528	91 
4529	99 
4530	68 
4531	44 
4532	12 
4533	82 
4534	78 
4535	21 
4536	29 
4537	75 
4538	69 
4539	76 
4540	90 
4541	94 
4542	60 
4543	83 
4544	45 
4545	31 
4546	17 
4547	36 
4548	54 
4549	6 
4550	10 
4551	32 
4552	90 
4553	53 
4554	13 
4555	43 
4556	103 
4557	41 
4558	14 
4559	69 
4560	18 
4561	61 
4562	46 
4563	63 
4564	51 
4565	31 
4566	27 
4567	75 
4568	25 
4569	15 
4570	56 
4571	17 
4572	64 
4573	74 
4574	68 
4575	37 
4576	79 
4577	38 
4578	83 
4579	58 
4580	3 
4581	81 
4582	75 
4583	41 
4584	53 
4585	56 
4586	19 
4587	84 
4588	32 
4589	15 
4590	90 
4591	6 
4592	61 
4593	20 
4594	71 
4595	55 
4596	28 
4597	55 
4598	98 
4599	82 
4600	89 
4601	41 
4602	45 
4603	98 
4604	1 
4605	66 
4606	75 
4607	10 
4608	99 
4609	2 
4610	56 
4611	67 
4612	62 
4613	35 
4614	98 
4615	68 
4616	43 
4617	85 
4618	46 
4619	31 
4620	17 
4621	46 
4622	82 
4623	52 
4624	76 
4625	73 
4626	44 
4627	3 
4628	41 
4629	25 
4630	3 
4631	15 
4632	39 
4633	66 
4634	68 
4635	74 
4636	21 
4637	15 
4638	34 
4639	13 
4640	18 
4641	84 
4642	21 
4643	6 
4644	16 
4645	103 
4646	37 
4647	13 
4648	59 
4649	56 
4650	44 
4651	74 
4652	88 
4653	90 
4654	53 
4655	30 
4656	4 
4657	16 
4658	81 
4659	76 
4660	13 
4661	69 
4662	65 
4663	63 
4664	48 
4665	44 
4666	85 
4667	84 
4668	71 
4669	48 
4670	79 
4671	34 
4672	49 
4673	72 
4674	41 
4675	38 
4676	21 
4677	24 
4678	45 
4679	87 
4680	90 
4681	9 
4682	34 
4683	93 
4684	38 
4685	74 
4686	46 
4687	54 
4688	33 
4689	7 
4690	39 
4691	102 
4692	97 
4693	45 
4694	89 
4695	94 
4696	62 
4697	70 
4698	83 
4699	13 
4700	95 
4701	56 
4702	72 
4703	80 
4704	85 
4705	58 
4706	80 
4707	2 
4708	54 
4709	102 
4710	7 
4711	60 
4712	53 
4713	69 
4714	67 
4715	72 
4716	19 
4717	93 
4718	70 
4719	31 
4720	98 
4721	71 
4722	30 
4723	11 
4724	88 
4725	44 
4726	72 
4727	100 
4728	103 
4729	53 
4730	58 
4731	85 
4732	61 
4733	39 
4734	53 
4735	2 
4736	57 
4737	78 
4738	81 
4739	23 
4740	103 
4741	76 
4742	69 
4743	84 
4744	45 
4745	38 
4746	64 
4747	41 
4748	31 
4749	23 
4750	32 
4751	9 
4752	56 
4753	19 
4754	19 
4755	14 
4756	20 
4757	33 
4758	80 
4759	55 
4760	56 
4761	17 
4762	31 
4763	56 
4764	90 
4765	15 
4766	75 
4767	18 
4768	49 
4769	35 
4770	23 
4771	28 
4772	45 
4773	30 
4774	88 
4775	55 
4776	88 
4777	88 
4778	21 
4779	15 
4780	37 
4781	66 
4782	75 
4783	20 
4784	15 
4785	33 
4786	46 
4787	68 
4788	15 
4789	21 
4790	6 
4791	18 
4792	15 
4793	34 
4794	48 
4795	92 
4796	7 
4797	53 
4798	26 
4799	14 
4800	76 
4801	63 
4802	15 
4803	16 
4804	89 
4805	81 
4806	66 
4807	65 
4808	9 
4809	50 
4810	34 
4811	65 
4812	30 
4813	46 
4814	9 
4815	73 
4816	7 
4817	74 
4818	89 
4819	55 
4820	79 
4821	35 
4822	54 
4823	46 
4824	16 
4825	38 
4826	43 
4827	52 
4828	35 
4829	93 
4830	71 
4831	100 
4832	59 
4833	37 
4834	103 
4835	14 
4836	99 
4837	53 
4838	86 
4839	34 
4840	59 
4841	35 
4842	45 
4843	36 
4844	26 
4845	43 
4846	84 
4847	60 
4848	88 
4849	90 
4850	23 
4851	55 
4852	34 
4853	19 
4854	56 
4855	65 
4856	58 
4857	16 
4858	59 
4859	7 
4860	56 
4861	90 
4862	24 
4863	102 
4864	49 
4865	34 
4866	53 
4867	85 
4868	19 
4869	13 
4870	32 
4871	53 
4872	90 
4873	45 
4874	48 
4875	45 
4876	65 
4877	9 
4878	7 
4879	71 
4880	75 
4881	102 
4882	28 
4883	16 
4884	83 
4885	38 
4886	35 
4887	26 
4888	85 
4889	42 
4890	30 
4891	88 
4892	7 
4893	39 
4894	43 
4895	13 
4896	55 
4897	15 
4898	45 
4899	103 
4900	18 
4901	41 
4902	102 
4903	83 
4904	83 
4905	33 
4906	69 
4907	103 
4908	54 
4909	67 
4910	50 
4911	56 
4912	13 
4913	7 
4914	38 
4915	96 
4916	88 
4917	22 
4918	80 
4919	104 
4920	87 
4921	58 
4922	45 
4923	41 
4924	51 
4925	2 
4926	53 
4927	61 
4928	69 
4929	30 
4930	13 
4931	73 
4932	77 
4933	94 
4934	43 
4935	85 
4936	12 
4937	72 
4938	63 
4939	76 
4940	78 
4941	65 
4942	37 
4943	34 
4944	57 
4945	66 
4946	62 
4947	9 
4948	48 
4949	46 
4950	50 
4951	49 
4952	11 
4953	15 
4954	103 
4955	60 
4956	95 
4957	32 
4958	19 
4959	2 
4960	23 
4961	10 
4962	33 
4963	58 
4964	74 
4965	58 
4966	92 
4967	45 
4968	16 
4969	102 
4970	77 
4971	66 
4972	72 
4973	93 
4974	69 
4975	61 
4976	76 
4977	60 
4978	39 
4979	68 
4980	19 
4981	15 
4982	80 
4983	47 
4984	95 
4985	81 
4986	50 
4987	3 
4988	31 
4989	56 
4990	58 
4991	34 
4992	66 
4993	90 
4994	50 
4995	101 
4996	71 
4997	73 
4998	19 
4999	69 
5000	90 
