1	65 
2	40 
3	89 
4	19 
5	20 
6	48 
7	60 
8	6 
9	49 
10	85 
11	61 
12	75 
13	38 
14	47 
15	71 
16	22 
17	69 
18	100 
19	103 
20	73 
21	17 
22	79 
23	84 
24	72 
25	61 
26	102 
27	49 
28	21 
29	104 
30	84 
31	102 
32	72 
33	66 
34	34 
35	76 
36	64 
37	34 
38	45 
39	40 
40	21 
41	66 
42	40 
43	80 
44	88 
45	11 
46	22 
47	30 
48	30 
49	27 
50	80 
51	70 
52	58 
53	40 
54	56 
55	21 
56	64 
57	60 
58	85 
59	6 
60	21 
61	56 
62	84 
63	56 
64	42 
65	19 
66	47 
67	96 
68	38 
69	84 
70	18 
71	38 
72	61 
73	68 
74	6 
75	58 
76	69 
77	76 
78	43 
79	72 
80	27 
81	2 
82	95 
83	86 
84	34 
85	61 
86	86 
87	13 
88	78 
89	99 
90	23 
91	18 
92	84 
93	38 
94	88 
95	63 
96	72 
97	25 
98	61 
99	49 
100	85 
101	87 
102	49 
103	50 
104	96 
105	7 
106	74 
107	88 
108	54 
109	22 
110	28 
111	38 
112	25 
113	103 
114	14 
115	10 
116	5 
117	17 
118	79 
119	65 
120	47 
121	50 
122	104 
123	32 
124	71 
125	8 
126	15 
127	46 
128	44 
129	59 
130	54 
131	23 
132	90 
133	35 
134	86 
135	70 
136	31 
137	46 
138	54 
139	102 
140	21 
141	74 
142	30 
143	30 
144	15 
145	85 
146	53 
147	38 
148	77 
149	5 
150	30 
151	3 
152	29 
153	81 
154	93 
155	83 
156	90 
157	81 
158	100 
159	87 
160	90 
161	64 
162	16 
163	17 
164	57 
165	99 
166	69 
167	100 
168	28 
169	45 
170	41 
171	38 
172	44 
173	55 
174	19 
175	102 
176	69 
177	25 
178	26 
179	53 
180	1 
181	41 
182	83 
183	20 
184	89 
185	47 
186	71 
187	86 
188	9 
189	101 
190	28 
191	41 
192	13 
193	62 
194	89 
195	69 
196	90 
197	28 
198	43 
199	83 
200	83 
201	98 
202	60 
203	95 
204	18 
205	14 
206	28 
207	85 
208	70 
209	66 
210	84 
211	15 
212	81 
213	63 
214	27 
215	73 
216	104 
217	101 
218	25 
219	85 
220	7 
221	99 
222	85 
223	33 
224	94 
225	30 
226	63 
227	90 
228	71 
229	33 
230	78 
231	12 
232	1 
233	43 
234	45 
235	15 
236	92 
237	104 
238	30 
239	71 
240	60 
241	85 
242	39 
243	64 
244	30 
245	62 
246	32 
247	17 
248	21 
249	85 
250	79 
251	31 
252	29 
253	49 
254	72 
255	88 
256	82 
257	45 
258	20 
259	61 
260	31 
261	86 
262	90 
263	18 
264	1 
265	30 
266	26 
267	30 
268	72 
269	57 
270	47 
271	42 
272	48 
273	22 
274	43 
275	25 
276	17 
277	67 
278	38 
279	5 
280	6 
281	45 
282	63 
283	5 
284	86 
285	1 
286	84 
287	53 
288	64 
289	89 
290	84 
291	58 
292	2 
293	103 
294	95 
295	88 
296	93 
297	41 
298	84 
299	81 
300	84 
301	89 
302	56 
303	61 
304	25 
305	22 
306	80 
307	41 
308	33 
309	102 
310	84 
311	8 
312	82 
313	2 
314	48 
315	48 
316	33 
317	62 
318	22 
319	4 
320	38 
321	88 
322	16 
323	55 
324	53 
325	68 
326	9 
327	15 
328	34 
329	13 
330	56 
331	82 
332	6 
333	82 
334	84 
335	26 
336	91 
337	58 
338	50 
339	55 
340	23 
341	30 
342	62 
343	5 
344	9 
345	86 
346	91 
347	9 
348	62 
349	90 
350	19 
351	5 
352	90 
353	24 
354	18 
355	17 
356	69 
357	2 
358	41 
359	102 
360	80 
361	94 
362	32 
363	62 
364	26 
365	85 
366	86 
367	103 
368	80 
369	90 
370	92 
371	77 
372	10 
373	46 
374	97 
375	2 
376	14 
377	5 
378	101 
379	50 
380	80 
381	43 
382	80 
383	53 
384	40 
385	31 
386	71 
387	75 
388	75 
389	20 
390	13 
391	96 
392	70 
393	70 
394	30 
395	16 
396	30 
397	45 
398	96 
399	46 
400	14 
401	47 
402	66 
403	29 
404	80 
405	9 
406	71 
407	64 
408	79 
409	26 
410	36 
411	9 
412	4 
413	66 
414	75 
415	78 
416	58 
417	58 
418	93 
419	66 
420	14 
421	60 
422	71 
423	46 
424	11 
425	34 
426	17 
427	91 
428	67 
429	51 
430	91 
431	41 
432	81 
433	13 
434	86 
435	5 
436	31 
437	58 
438	90 
439	61 
440	76 
441	3 
442	14 
443	56 
444	19 
445	52 
446	79 
447	80 
448	21 
449	35 
450	39 
451	29 
452	59 
453	76 
454	98 
455	95 
456	84 
457	35 
458	38 
459	13 
460	92 
461	90 
462	94 
463	104 
464	27 
465	64 
466	18 
467	75 
468	97 
469	24 
470	58 
471	34 
472	48 
473	14 
474	68 
475	10 
476	102 
477	72 
478	95 
479	20 
480	58 
481	45 
482	59 
483	11 
484	29 
485	9 
486	46 
487	57 
488	28 
489	99 
490	5 
491	3 
492	36 
493	77 
494	45 
495	34 
496	26 
497	22 
498	91 
499	56 
500	44 
501	69 
502	14 
503	53 
504	24 
505	85 
506	7 
507	15 
508	57 
509	13 
510	60 
511	53 
512	25 
513	102 
514	31 
515	68 
516	21 
517	88 
518	64 
519	27 
520	4 
521	102 
522	38 
523	56 
524	100 
525	24 
526	25 
527	56 
528	63 
529	34 
530	103 
531	19 
532	69 
533	81 
534	17 
535	69 
536	45 
537	11 
538	89 
539	50 
540	38 
541	85 
542	16 
543	90 
544	72 
545	24 
546	79 
547	85 
548	44 
549	31 
550	15 
551	35 
552	103 
553	51 
554	61 
555	50 
556	55 
557	73 
558	61 
559	2 
560	95 
561	27 
562	15 
563	41 
564	66 
565	81 
566	15 
567	20 
568	11 
569	66 
570	84 
571	80 
572	26 
573	61 
574	102 
575	24 
576	15 
577	37 
578	60 
579	90 
580	80 
581	89 
582	75 
583	92 
584	8 
585	21 
586	101 
587	93 
588	43 
589	21 
590	88 
591	99 
592	2 
593	15 
594	64 
595	53 
596	38 
597	12 
598	53 
599	56 
600	13 
601	30 
602	75 
603	35 
604	45 
605	36 
606	85 
607	103 
608	25 
609	3 
610	15 
611	21 
612	66 
613	58 
614	80 
615	103 
616	20 
617	76 
618	69 
619	49 
620	89 
621	78 
622	64 
623	76 
624	70 
625	5 
626	42 
627	102 
628	92 
629	85 
630	38 
631	30 
632	81 
633	89 
634	53 
635	14 
636	104 
637	7 
638	96 
639	95 
640	15 
641	30 
642	8 
643	14 
644	17 
645	21 
646	87 
647	82 
648	43 
649	30 
650	101 
651	67 
652	20 
653	7 
654	80 
655	89 
656	76 
657	21 
658	11 
659	26 
660	62 
661	101 
662	101 
663	57 
664	89 
665	21 
666	71 
667	69 
668	27 
669	38 
670	66 
671	85 
672	32 
673	44 
674	84 
675	59 
676	58 
677	9 
678	43 
679	84 
680	21 
681	30 
682	45 
683	28 
684	31 
685	54 
686	30 
687	11 
688	63 
689	43 
690	37 
691	71 
692	73 
693	83 
694	46 
695	20 
696	58 
697	72 
698	38 
699	75 
700	4 
701	96 
702	54 
703	78 
704	89 
705	13 
706	60 
707	43 
708	21 
709	59 
710	51 
711	41 
712	58 
713	96 
714	98 
715	74 
716	31 
717	4 
718	91 
719	45 
720	83 
721	93 
722	85 
723	17 
724	23 
725	51 
726	54 
727	81 
728	58 
729	45 
730	41 
731	53 
732	30 
733	68 
734	5 
735	88 
736	87 
737	96 
738	66 
739	21 
740	78 
741	72 
742	36 
743	30 
744	101 
745	56 
746	64 
747	104 
748	64 
749	25 
750	38 
751	89 
752	92 
753	27 
754	63 
755	66 
756	6 
757	41 
758	15 
759	40 
760	26 
761	94 
762	16 
763	25 
764	18 
765	50 
766	57 
767	19 
768	58 
769	38 
770	66 
771	53 
772	55 
773	15 
774	41 
775	13 
776	55 
777	42 
778	59 
779	63 
780	82 
781	79 
782	78 
783	37 
784	72 
785	15 
786	58 
787	52 
788	90 
789	17 
790	52 
791	21 
792	8 
793	56 
794	58 
795	102 
796	59 
797	57 
798	44 
799	53 
800	31 
801	69 
802	17 
803	57 
804	53 
805	57 
806	96 
807	21 
808	18 
809	50 
810	16 
811	92 
812	18 
813	80 
814	56 
815	58 
816	7 
817	77 
818	76 
819	75 
820	83 
821	9 
822	69 
823	11 
824	82 
825	16 
826	64 
827	71 
828	57 
829	55 
830	6 
831	30 
832	102 
833	78 
834	63 
835	6 
836	41 
837	43 
838	98 
839	6 
840	80 
841	72 
842	77 
843	80 
844	13 
845	64 
846	99 
847	96 
848	33 
849	93 
850	89 
851	20 
852	2 
853	15 
854	58 
855	98 
856	84 
857	61 
858	46 
859	103 
860	16 
861	51 
862	52 
863	88 
864	77 
865	71 
866	81 
867	49 
868	100 
869	82 
870	32 
871	31 
872	54 
873	93 
874	45 
875	40 
876	56 
877	63 
878	60 
879	34 
880	46 
881	42 
882	97 
883	16 
884	53 
885	8 
886	75 
887	80 
888	45 
889	71 
890	84 
891	33 
892	72 
893	82 
894	79 
895	61 
896	94 
897	11 
898	99 
899	72 
900	17 
901	64 
902	103 
903	33 
904	40 
905	14 
906	83 
907	41 
908	2 
909	30 
910	64 
911	8 
912	16 
913	77 
914	16 
915	71 
916	69 
917	71 
918	2 
919	95 
920	36 
921	53 
922	49 
923	14 
924	97 
925	33 
926	60 
927	103 
928	53 
929	33 
930	40 
931	44 
932	68 
933	85 
934	55 
935	38 
936	45 
937	61 
938	79 
939	66 
940	38 
941	29 
942	15 
943	61 
944	83 
945	4 
946	85 
947	15 
948	33 
949	96 
950	22 
951	43 
952	82 
953	10 
954	8 
955	75 
956	30 
957	26 
958	32 
959	79 
960	14 
961	14 
962	69 
963	41 
964	100 
965	15 
966	2 
967	94 
968	83 
969	77 
970	89 
971	75 
972	59 
973	6 
974	99 
975	33 
976	46 
977	88 
978	22 
979	11 
980	50 
981	21 
982	79 
983	77 
984	69 
985	96 
986	30 
987	73 
988	79 
989	55 
990	76 
991	67 
992	62 
993	75 
994	34 
995	42 
996	2 
997	51 
998	52 
999	26 
1000	83 
1001	40 
1002	90 
1003	61 
1004	43 
1005	97 
1006	73 
1007	53 
1008	49 
1009	81 
1010	38 
1011	38 
1012	76 
1013	52 
1014	56 
1015	14 
1016	21 
1017	104 
1018	46 
1019	47 
1020	21 
1021	82 
1022	32 
1023	49 
1024	90 
1025	57 
1026	88 
1027	8 
1028	31 
1029	46 
1030	104 
1031	63 
1032	39 
1033	48 
1034	52 
1035	15 
1036	89 
1037	39 
1038	75 
1039	71 
1040	42 
1041	18 
1042	3 
1043	97 
1044	87 
1045	76 
1046	84 
1047	88 
1048	20 
1049	53 
1050	3 
1051	52 
1052	103 
1053	23 
1054	65 
1055	21 
1056	84 
1057	50 
1058	92 
1059	48 
1060	55 
1061	16 
1062	85 
1063	84 
1064	20 
1065	57 
1066	5 
1067	69 
1068	103 
1069	1 
1070	62 
1071	2 
1072	87 
1073	18 
1074	103 
1075	15 
1076	78 
1077	102 
1078	43 
1079	45 
1080	64 
1081	87 
1082	36 
1083	65 
1084	80 
1085	80 
1086	74 
1087	14 
1088	8 
1089	74 
1090	44 
1091	31 
1092	84 
1093	48 
1094	55 
1095	84 
1096	90 
1097	90 
1098	29 
1099	13 
1100	102 
1101	59 
1102	41 
1103	91 
1104	104 
1105	20 
1106	62 
1107	32 
1108	31 
1109	15 
1110	83 
1111	84 
1112	63 
1113	35 
1114	17 
1115	49 
1116	104 
1117	65 
1118	63 
1119	17 
1120	45 
1121	6 
1122	5 
1123	97 
1124	18 
1125	101 
1126	69 
1127	80 
1128	31 
1129	42 
1130	14 
1131	14 
1132	39 
1133	51 
1134	1 
1135	33 
1136	39 
1137	31 
1138	13 
1139	69 
1140	88 
1141	58 
1142	85 
1143	85 
1144	35 
1145	91 
1146	69 
1147	58 
1148	80 
1149	36 
1150	21 
1151	77 
1152	34 
1153	85 
1154	5 
1155	38 
1156	31 
1157	14 
1158	46 
1159	80 
1160	56 
1161	69 
1162	25 
1163	44 
1164	26 
1165	7 
1166	59 
1167	49 
1168	72 
1169	97 
1170	80 
1171	56 
1172	74 
1173	83 
1174	66 
1175	60 
1176	66 
1177	92 
1178	74 
1179	63 
1180	51 
1181	10 
1182	47 
1183	17 
1184	15 
1185	15 
1186	21 
1187	80 
1188	16 
1189	55 
1190	7 
1191	45 
1192	97 
1193	101 
1194	96 
1195	21 
1196	31 
1197	89 
1198	39 
1199	103 
1200	53 
1201	53 
1202	11 
1203	50 
1204	61 
1205	31 
1206	21 
1207	48 
1208	84 
1209	94 
1210	84 
1211	5 
1212	71 
1213	36 
1214	86 
1215	62 
1216	46 
1217	82 
1218	57 
1219	75 
1220	26 
1221	43 
1222	50 
1223	21 
1224	13 
1225	43 
1226	80 
1227	38 
1228	89 
1229	59 
1230	52 
1231	66 
1232	60 
1233	43 
1234	16 
1235	17 
1236	52 
1237	59 
1238	2 
1239	28 
1240	49 
1241	38 
1242	96 
1243	30 
1244	62 
1245	12 
1246	101 
1247	55 
1248	6 
1249	92 
1250	75 
1251	49 
1252	9 
1253	92 
1254	72 
1255	61 
1256	41 
1257	23 
1258	80 
1259	43 
1260	30 
1261	57 
1262	82 
1263	55 
1264	92 
1265	7 
1266	45 
1267	31 
1268	24 
1269	70 
1270	47 
1271	55 
1272	59 
1273	34 
1274	5 
1275	45 
1276	45 
1277	16 
1278	18 
1279	52 
1280	99 
1281	88 
1282	99 
1283	69 
1284	42 
1285	82 
1286	71 
1287	52 
1288	98 
1289	68 
1290	72 
1291	71 
1292	62 
1293	46 
1294	79 
1295	38 
1296	8 
1297	18 
1298	94 
1299	88 
1300	97 
1301	93 
1302	94 
1303	12 
1304	103 
1305	60 
1306	30 
1307	7 
1308	46 
1309	79 
1310	68 
1311	53 
1312	92 
1313	33 
1314	71 
1315	36 
1316	22 
1317	34 
1318	86 
1319	2 
1320	65 
1321	55 
1322	50 
1323	24 
1324	39 
1325	4 
1326	40 
1327	50 
1328	17 
1329	6 
1330	100 
1331	9 
1332	53 
1333	66 
1334	42 
1335	38 
1336	102 
1337	9 
1338	81 
1339	36 
1340	69 
1341	53 
1342	26 
1343	97 
1344	5 
1345	46 
1346	23 
1347	44 
1348	64 
1349	26 
1350	50 
1351	60 
1352	45 
1353	94 
1354	63 
1355	10 
1356	2 
1357	13 
1358	53 
1359	64 
1360	74 
1361	29 
1362	80 
1363	94 
1364	50 
1365	14 
1366	14 
1367	34 
1368	58 
1369	82 
1370	7 
1371	69 
1372	5 
1373	15 
1374	5 
1375	38 
1376	21 
1377	13 
1378	96 
1379	79 
1380	21 
1381	27 
1382	60 
1383	73 
1384	43 
1385	81 
1386	90 
1387	102 
1388	55 
1389	72 
1390	45 
1391	30 
1392	51 
1393	36 
1394	71 
1395	52 
1396	42 
1397	90 
1398	63 
1399	38 
1400	17 
1401	45 
1402	20 
1403	80 
1404	60 
1405	71 
1406	56 
1407	63 
1408	44 
1409	52 
1410	48 
1411	9 
1412	21 
1413	81 
1414	34 
1415	13 
1416	19 
1417	41 
1418	7 
1419	82 
1420	38 
1421	99 
1422	36 
1423	71 
1424	91 
1425	45 
1426	103 
1427	50 
1428	23 
1429	31 
1430	30 
1431	14 
1432	19 
1433	71 
1434	60 
1435	79 
1436	18 
1437	93 
1438	78 
1439	7 
1440	15 
1441	68 
1442	8 
1443	80 
1444	95 
1445	78 
1446	4 
1447	50 
1448	16 
1449	56 
1450	30 
1451	44 
1452	56 
1453	37 
1454	76 
1455	82 
1456	16 
1457	31 
1458	21 
1459	68 
1460	57 
1461	78 
1462	46 
1463	13 
1464	62 
1465	45 
1466	71 
1467	74 
1468	71 
1469	88 
1470	92 
1471	17 
1472	92 
1473	35 
1474	15 
1475	2 
1476	56 
1477	32 
1478	46 
1479	52 
1480	68 
1481	46 
1482	67 
1483	74 
1484	61 
1485	71 
1486	41 
1487	70 
1488	67 
1489	34 
1490	24 
1491	49 
1492	35 
1493	17 
1494	69 
1495	78 
1496	8 
1497	94 
1498	92 
1499	66 
1500	102 
1501	76 
1502	73 
1503	55 
1504	67 
1505	61 
1506	61 
1507	102 
1508	100 
1509	58 
1510	57 
1511	11 
1512	28 
1513	71 
1514	8 
1515	31 
1516	26 
1517	46 
1518	58 
1519	36 
1520	13 
1521	28 
1522	65 
1523	79 
1524	8 
1525	61 
1526	15 
1527	4 
1528	50 
1529	88 
1530	98 
1531	38 
1532	55 
1533	80 
1534	92 
1535	15 
1536	92 
1537	38 
1538	68 
1539	46 
1540	47 
1541	56 
1542	11 
1543	85 
1544	7 
1545	17 
1546	38 
1547	60 
1548	102 
1549	7 
1550	87 
1551	38 
1552	34 
1553	81 
1554	100 
1555	79 
1556	14 
1557	51 
1558	50 
1559	43 
1560	62 
1561	70 
1562	86 
1563	82 
1564	84 
1565	1 
1566	14 
1567	71 
1568	44 
1569	21 
1570	91 
1571	17 
1572	86 
1573	90 
1574	21 
1575	90 
1576	68 
1577	18 
1578	66 
1579	34 
1580	45 
1581	65 
1582	48 
1583	38 
1584	79 
1585	35 
1586	30 
1587	46 
1588	26 
1589	7 
1590	17 
1591	98 
1592	14 
1593	50 
1594	71 
1595	71 
1596	91 
1597	44 
1598	45 
1599	49 
1600	82 
1601	44 
1602	85 
1603	12 
1604	15 
1605	5 
1606	1 
1607	87 
1608	92 
1609	82 
1610	22 
1611	45 
1612	3 
1613	71 
1614	28 
1615	17 
1616	67 
1617	69 
1618	79 
1619	74 
1620	3 
1621	83 
1622	21 
1623	29 
1624	12 
1625	56 
1626	56 
1627	95 
1628	79 
1629	33 
1630	92 
1631	13 
1632	39 
1633	72 
1634	45 
1635	3 
1636	28 
1637	92 
1638	19 
1639	53 
1640	80 
1641	69 
1642	50 
1643	28 
1644	45 
1645	93 
1646	5 
1647	82 
1648	23 
1649	53 
1650	82 
1651	23 
1652	42 
1653	84 
1654	12 
1655	37 
1656	101 
1657	39 
1658	64 
1659	11 
1660	57 
1661	34 
1662	72 
1663	49 
1664	92 
1665	15 
1666	74 
1667	53 
1668	44 
1669	46 
1670	77 
1671	71 
1672	46 
1673	18 
1674	45 
1675	47 
1676	89 
1677	46 
1678	34 
1679	71 
1680	90 
1681	33 
1682	90 
1683	49 
1684	56 
1685	63 
1686	16 
1687	2 
1688	43 
1689	31 
1690	7 
1691	46 
1692	58 
1693	89 
1694	37 
1695	63 
1696	60 
1697	15 
1698	18 
1699	64 
1700	55 
1701	33 
1702	67 
1703	44 
1704	61 
1705	64 
1706	46 
1707	57 
1708	3 
1709	55 
1710	36 
1711	76 
1712	71 
1713	64 
1714	94 
1715	52 
1716	55 
1717	68 
1718	49 
1719	99 
1720	75 
1721	44 
1722	32 
1723	100 
1724	103 
1725	71 
1726	93 
1727	32 
1728	32 
1729	62 
1730	19 
1731	41 
1732	76 
1733	24 
1734	45 
1735	37 
1736	95 
1737	85 
1738	100 
1739	13 
1740	5 
1741	60 
1742	78 
1743	38 
1744	84 
1745	100 
1746	30 
1747	73 
1748	76 
1749	12 
1750	33 
1751	37 
1752	47 
1753	67 
1754	74 
1755	38 
1756	83 
1757	1 
1758	80 
1759	35 
1760	11 
1761	3 
1762	36 
1763	14 
1764	72 
1765	51 
1766	81 
1767	47 
1768	65 
1769	34 
1770	22 
1771	97 
1772	102 
1773	50 
1774	51 
1775	66 
1776	66 
1777	14 
1778	33 
1779	33 
1780	63 
1781	9 
1782	11 
1783	84 
1784	35 
1785	66 
1786	89 
1787	102 
1788	9 
1789	1 
1790	57 
1791	32 
1792	76 
1793	71 
1794	49 
1795	21 
1796	5 
1797	29 
1798	59 
1799	69 
1800	87 
1801	64 
1802	48 
1803	21 
1804	68 
1805	85 
1806	15 
1807	60 
1808	6 
1809	32 
1810	41 
1811	98 
1812	71 
1813	42 
1814	19 
1815	50 
1816	83 
1817	85 
1818	16 
1819	74 
1820	95 
1821	30 
1822	9 
1823	30 
1824	82 
1825	61 
1826	91 
1827	90 
1828	64 
1829	15 
1830	6 
1831	48 
1832	90 
1833	92 
1834	52 
1835	63 
1836	17 
1837	8 
1838	76 
1839	14 
1840	56 
1841	103 
1842	56 
1843	30 
1844	59 
1845	35 
1846	29 
1847	97 
1848	56 
1849	34 
1850	49 
1851	94 
1852	98 
1853	49 
1854	30 
1855	4 
1856	84 
1857	96 
1858	63 
1859	66 
1860	28 
1861	48 
1862	58 
1863	28 
1864	99 
1865	53 
1866	97 
1867	60 
1868	5 
1869	19 
1870	76 
1871	102 
1872	38 
1873	41 
1874	3 
1875	67 
1876	17 
1877	32 
1878	37 
1879	1 
1880	60 
1881	44 
1882	5 
1883	60 
1884	56 
1885	66 
1886	19 
1887	33 
1888	29 
1889	84 
1890	12 
1891	3 
1892	8 
1893	56 
1894	42 
1895	55 
1896	27 
1897	55 
1898	90 
1899	52 
1900	7 
1901	53 
1902	2 
1903	99 
1904	104 
1905	96 
1906	19 
1907	79 
1908	62 
1909	15 
1910	1 
1911	102 
1912	79 
1913	67 
1914	53 
1915	53 
1916	84 
1917	56 
1918	50 
1919	10 
1920	50 
1921	92 
1922	66 
1923	11 
1924	45 
1925	56 
1926	81 
1927	45 
1928	69 
1929	90 
1930	66 
1931	55 
1932	94 
1933	93 
1934	16 
1935	43 
1936	77 
1937	89 
1938	90 
1939	10 
1940	19 
1941	74 
1942	83 
1943	13 
1944	13 
1945	9 
1946	7 
1947	38 
1948	30 
1949	39 
1950	47 
1951	70 
1952	30 
1953	39 
1954	51 
1955	48 
1956	53 
1957	21 
1958	91 
1959	77 
1960	46 
1961	15 
1962	40 
1963	55 
1964	14 
1965	58 
1966	66 
1967	53 
1968	14 
1969	68 
1970	84 
1971	95 
1972	86 
1973	57 
1974	6 
1975	96 
1976	103 
1977	33 
1978	75 
1979	42 
1980	53 
1981	61 
1982	23 
1983	43 
1984	44 
1985	54 
1986	41 
1987	86 
1988	88 
1989	54 
1990	21 
1991	15 
1992	75 
1993	74 
1994	14 
1995	16 
1996	83 
1997	1 
1998	71 
1999	63 
2000	35 
2001	84 
2002	44 
2003	85 
2004	52 
2005	3 
2006	90 
2007	55 
2008	72 
2009	45 
2010	57 
2011	14 
2012	103 
2013	98 
2014	101 
2015	20 
2016	21 
2017	53 
2018	46 
2019	65 
2020	19 
2021	6 
2022	84 
2023	79 
2024	17 
2025	45 
2026	46 
2027	6 
2028	50 
2029	103 
2030	84 
2031	21 
2032	71 
2033	90 
2034	84 
2035	15 
2036	82 
2037	25 
2038	87 
2039	59 
2040	58 
2041	50 
2042	15 
2043	19 
2044	45 
2045	23 
2046	14 
2047	31 
2048	11 
2049	64 
2050	85 
2051	8 
2052	41 
2053	37 
2054	35 
2055	35 
2056	38 
2057	66 
2058	11 
2059	96 
2060	59 
2061	12 
2062	67 
2063	21 
2064	10 
2065	73 
2066	37 
2067	84 
2068	55 
2069	83 
2070	102 
2071	101 
2072	55 
2073	14 
2074	71 
2075	101 
2076	30 
2077	80 
2078	14 
2079	53 
2080	88 
2081	2 
2082	52 
2083	28 
2084	54 
2085	13 
2086	39 
2087	15 
2088	102 
2089	88 
2090	87 
2091	72 
2092	62 
2093	46 
2094	14 
2095	13 
2096	61 
2097	82 
2098	79 
2099	84 
2100	34 
2101	29 
2102	55 
2103	88 
2104	51 
2105	71 
2106	78 
2107	75 
2108	54 
2109	93 
2110	99 
2111	83 
2112	85 
2113	31 
2114	75 
2115	70 
2116	85 
2117	49 
2118	75 
2119	47 
2120	68 
2121	58 
2122	57 
2123	46 
2124	74 
2125	16 
2126	4 
2127	88 
2128	84 
2129	12 
2130	103 
2131	8 
2132	24 
2133	90 
2134	9 
2135	92 
2136	74 
2137	32 
2138	15 
2139	53 
2140	80 
2141	50 
2142	4 
2143	79 
2144	87 
2145	65 
2146	60 
2147	62 
2148	84 
2149	47 
2150	30 
2151	47 
2152	45 
2153	98 
2154	16 
2155	58 
2156	21 
2157	44 
2158	31 
2159	23 
2160	33 
2161	40 
2162	38 
2163	44 
2164	51 
2165	84 
2166	66 
2167	36 
2168	70 
2169	84 
2170	46 
2171	46 
2172	12 
2173	55 
2174	33 
2175	62 
2176	53 
2177	81 
2178	79 
2179	54 
2180	81 
2181	4 
2182	31 
2183	13 
2184	65 
2185	33 
2186	82 
2187	85 
2188	24 
2189	75 
2190	21 
2191	67 
2192	28 
2193	81 
2194	43 
2195	34 
2196	88 
2197	30 
2198	45 
2199	46 
2200	50 
2201	50 
2202	52 
2203	2 
2204	11 
2205	19 
2206	101 
2207	21 
2208	30 
2209	38 
2210	85 
2211	56 
2212	51 
2213	34 
2214	18 
2215	45 
2216	37 
2217	46 
2218	5 
2219	103 
2220	17 
2221	51 
2222	80 
2223	35 
2224	38 
2225	49 
2226	34 
2227	31 
2228	102 
2229	92 
2230	15 
2231	95 
2232	78 
2233	19 
2234	8 
2235	35 
2236	31 
2237	28 
2238	102 
2239	66 
2240	13 
2241	74 
2242	79 
2243	16 
2244	49 
2245	17 
2246	97 
2247	81 
2248	19 
2249	87 
2250	85 
2251	15 
2252	45 
2253	30 
2254	61 
2255	47 
2256	10 
2257	74 
2258	52 
2259	71 
2260	42 
2261	4 
2262	84 
2263	66 
2264	50 
2265	33 
2266	53 
2267	103 
2268	53 
2269	1 
2270	86 
2271	56 
2272	76 
2273	53 
2274	101 
2275	27 
2276	72 
2277	41 
2278	53 
2279	100 
2280	44 
2281	53 
2282	74 
2283	11 
2284	91 
2285	61 
2286	67 
2287	29 
2288	25 
2289	13 
2290	70 
2291	19 
2292	21 
2293	74 
2294	56 
2295	43 
2296	41 
2297	30 
2298	28 
2299	27 
2300	56 
2301	89 
2302	94 
2303	83 
2304	74 
2305	103 
2306	41 
2307	61 
2308	88 
2309	56 
2310	11 
2311	3 
2312	72 
2313	47 
2314	34 
2315	72 
2316	98 
2317	44 
2318	82 
2319	76 
2320	5 
2321	53 
2322	40 
2323	97 
2324	55 
2325	9 
2326	71 
2327	51 
2328	38 
2329	51 
2330	13 
2331	78 
2332	90 
2333	70 
2334	49 
2335	51 
2336	27 
2337	7 
2338	80 
2339	77 
2340	50 
2341	38 
2342	40 
2343	16 
2344	21 
2345	60 
2346	43 
2347	99 
2348	97 
2349	84 
2350	84 
2351	80 
2352	19 
2353	86 
2354	26 
2355	39 
2356	95 
2357	50 
2358	37 
2359	71 
2360	85 
2361	33 
2362	20 
2363	104 
2364	33 
2365	83 
2366	59 
2367	6 
2368	55 
2369	61 
2370	61 
2371	24 
2372	18 
2373	56 
2374	85 
2375	93 
2376	47 
2377	34 
2378	69 
2379	58 
2380	7 
2381	19 
2382	73 
2383	90 
2384	19 
2385	93 
2386	93 
2387	27 
2388	65 
2389	18 
2390	58 
2391	89 
2392	50 
2393	82 
2394	13 
2395	81 
2396	85 
2397	1 
2398	31 
2399	7 
2400	49 
2401	31 
2402	3 
2403	49 
2404	60 
2405	99 
2406	18 
2407	13 
2408	57 
2409	6 
2410	104 
2411	55 
2412	43 
2413	18 
2414	77 
2415	75 
2416	90 
2417	41 
2418	64 
2419	87 
2420	19 
2421	34 
2422	55 
2423	58 
2424	36 
2425	63 
2426	49 
2427	73 
2428	13 
2429	72 
2430	69 
2431	78 
2432	80 
2433	23 
2434	99 
2435	1 
2436	30 
2437	101 
2438	30 
2439	55 
2440	102 
2441	83 
2442	85 
2443	22 
2444	104 
2445	59 
2446	53 
2447	4 
2448	61 
2449	74 
2450	50 
2451	92 
2452	72 
2453	63 
2454	29 
2455	13 
2456	22 
2457	73 
2458	102 
2459	80 
2460	90 
2461	13 
2462	18 
2463	2 
2464	36 
2465	55 
2466	31 
2467	58 
2468	73 
2469	61 
2470	89 
2471	68 
2472	85 
2473	92 
2474	17 
2475	69 
2476	38 
2477	46 
2478	100 
2479	14 
2480	65 
2481	31 
2482	65 
2483	67 
2484	91 
2485	63 
2486	88 
2487	53 
2488	83 
2489	62 
2490	15 
2491	27 
2492	91 
2493	59 
2494	68 
2495	42 
2496	61 
2497	93 
2498	41 
2499	44 
2500	89 
2501	43 
2502	6 
2503	100 
2504	92 
2505	89 
2506	4 
2507	61 
2508	53 
2509	15 
2510	103 
2511	49 
2512	28 
2513	28 
2514	69 
2515	13 
2516	79 
2517	48 
2518	17 
2519	45 
2520	14 
2521	30 
2522	55 
2523	56 
2524	53 
2525	103 
2526	3 
2527	76 
2528	97 
2529	19 
2530	88 
2531	99 
2532	89 
2533	98 
2534	53 
2535	13 
2536	35 
2537	40 
2538	28 
2539	58 
2540	72 
2541	78 
2542	46 
2543	43 
2544	23 
2545	93 
2546	1 
2547	11 
2548	76 
2549	17 
2550	8 
2551	6 
2552	15 
2553	44 
2554	19 
2555	43 
2556	34 
2557	91 
2558	52 
2559	78 
2560	35 
2561	36 
2562	38 
2563	67 
2564	96 
2565	43 
2566	30 
2567	2 
2568	21 
2569	71 
2570	83 
2571	37 
2572	49 
2573	58 
2574	52 
2575	58 
2576	85 
2577	45 
2578	32 
2579	17 
2580	53 
2581	77 
2582	16 
2583	28 
2584	35 
2585	102 
2586	80 
2587	19 
2588	38 
2589	73 
2590	30 
2591	18 
2592	15 
2593	17 
2594	12 
2595	22 
2596	31 
2597	17 
2598	93 
2599	37 
2600	80 
2601	63 
2602	66 
2603	45 
2604	31 
2605	29 
2606	59 
2607	90 
2608	46 
2609	34 
2610	49 
2611	58 
2612	38 
2613	21 
2614	90 
2615	23 
2616	20 
2617	103 
2618	69 
2619	79 
2620	50 
2621	80 
2622	90 
2623	55 
2624	65 
2625	45 
2626	93 
2627	31 
2628	21 
2629	43 
2630	31 
2631	71 
2632	65 
2633	7 
2634	14 
2635	55 
2636	83 
2637	50 
2638	60 
2639	47 
2640	75 
2641	103 
2642	51 
2643	53 
2644	21 
2645	60 
2646	101 
2647	75 
2648	7 
2649	46 
2650	53 
2651	89 
2652	83 
2653	38 
2654	18 
2655	34 
2656	79 
2657	63 
2658	95 
2659	53 
2660	94 
2661	25 
2662	39 
2663	35 
2664	21 
2665	28 
2666	82 
2667	49 
2668	104 
2669	26 
2670	44 
2671	45 
2672	45 
2673	45 
2674	70 
2675	53 
2676	45 
2677	41 
2678	41 
2679	103 
2680	11 
2681	19 
2682	13 
2683	39 
2684	66 
2685	31 
2686	93 
2687	50 
2688	18 
2689	23 
2690	45 
2691	33 
2692	89 
2693	19 
2694	102 
2695	57 
2696	93 
2697	53 
2698	4 
2699	53 
2700	78 
2701	31 
2702	17 
2703	54 
2704	17 
2705	60 
2706	63 
2707	68 
2708	38 
2709	25 
2710	75 
2711	15 
2712	6 
2713	22 
2714	43 
2715	41 
2716	9 
2717	102 
2718	81 
2719	56 
2720	28 
2721	7 
2722	85 
2723	97 
2724	61 
2725	27 
2726	98 
2727	69 
2728	43 
2729	39 
2730	30 
2731	50 
2732	21 
2733	9 
2734	104 
2735	41 
2736	46 
2737	61 
2738	10 
2739	37 
2740	67 
2741	12 
2742	57 
2743	21 
2744	98 
2745	98 
2746	39 
2747	58 
2748	45 
2749	72 
2750	74 
2751	10 
2752	53 
2753	60 
2754	80 
2755	19 
2756	38 
2757	19 
2758	38 
2759	31 
2760	15 
2761	83 
2762	17 
2763	76 
2764	88 
2765	100 
2766	16 
2767	102 
2768	95 
2769	8 
2770	30 
2771	75 
2772	40 
2773	19 
2774	55 
2775	14 
2776	30 
2777	85 
2778	56 
2779	15 
2780	88 
2781	92 
2782	37 
2783	66 
2784	104 
2785	101 
2786	45 
2787	97 
2788	56 
2789	57 
2790	12 
2791	41 
2792	42 
2793	32 
2794	76 
2795	72 
2796	104 
2797	68 
2798	63 
2799	69 
2800	73 
2801	15 
2802	41 
2803	74 
2804	61 
2805	38 
2806	55 
2807	94 
2808	84 
2809	84 
2810	73 
2811	91 
2812	84 
2813	79 
2814	61 
2815	95 
2816	53 
2817	71 
2818	64 
2819	19 
2820	34 
2821	49 
2822	31 
2823	1 
2824	46 
2825	53 
2826	103 
2827	87 
2828	89 
2829	7 
2830	30 
2831	43 
2832	24 
2833	37 
2834	45 
2835	46 
2836	97 
2837	101 
2838	72 
2839	17 
2840	38 
2841	56 
2842	56 
2843	50 
2844	21 
2845	34 
2846	71 
2847	79 
2848	103 
2849	55 
2850	47 
2851	101 
2852	90 
2853	49 
2854	48 
2855	80 
2856	87 
2857	82 
2858	35 
2859	37 
2860	84 
2861	19 
2862	56 
2863	63 
2864	97 
2865	50 
2866	30 
2867	84 
2868	38 
2869	18 
2870	68 
2871	53 
2872	22 
2873	78 
2874	11 
2875	104 
2876	13 
2877	13 
2878	53 
2879	19 
2880	27 
2881	45 
2882	83 
2883	45 
2884	73 
2885	11 
2886	89 
2887	82 
2888	74 
2889	85 
2890	34 
2891	19 
2892	17 
2893	45 
2894	85 
2895	38 
2896	74 
2897	102 
2898	52 
2899	79 
2900	2 
2901	21 
2902	82 
2903	72 
2904	75 
2905	89 
2906	45 
2907	103 
2908	31 
2909	22 
2910	38 
2911	64 
2912	74 
2913	32 
2914	79 
2915	47 
2916	34 
2917	45 
2918	95 
2919	30 
2920	51 
2921	50 
2922	63 
2923	11 
2924	15 
2925	75 
2926	6 
2927	67 
2928	16 
2929	93 
2930	19 
2931	48 
2932	18 
2933	32 
2934	75 
2935	91 
2936	54 
2937	41 
2938	80 
2939	100 
2940	59 
2941	102 
2942	18 
2943	75 
2944	20 
2945	25 
2946	87 
2947	39 
2948	96 
2949	72 
2950	16 
2951	35 
2952	90 
2953	46 
2954	93 
2955	30 
2956	81 
2957	44 
2958	104 
2959	60 
2960	16 
2961	3 
2962	53 
2963	78 
2964	30 
2965	39 
2966	57 
2967	85 
2968	59 
2969	15 
2970	98 
2971	23 
2972	46 
2973	66 
2974	3 
2975	79 
2976	104 
2977	71 
2978	103 
2979	69 
2980	102 
2981	18 
2982	81 
2983	3 
2984	59 
2985	8 
2986	48 
2987	76 
2988	45 
2989	6 
2990	59 
2991	41 
2992	88 
2993	19 
2994	64 
2995	100 
2996	4 
2997	39 
2998	46 
2999	38 
3000	72 
3001	53 
3002	58 
3003	97 
3004	101 
3005	61 
3006	26 
3007	34 
3008	17 
3009	59 
3010	86 
3011	41 
3012	34 
3013	85 
3014	16 
3015	60 
3016	70 
3017	54 
3018	70 
3019	80 
3020	48 
3021	66 
3022	102 
3023	21 
3024	89 
3025	60 
3026	59 
3027	63 
3028	38 
3029	50 
3030	63 
3031	48 
3032	34 
3033	21 
3034	97 
3035	51 
3036	15 
3037	45 
3038	35 
3039	11 
3040	9 
3041	58 
3042	87 
3043	4 
3044	63 
3045	38 
3046	15 
3047	65 
3048	57 
3049	56 
3050	103 
3051	21 
3052	44 
3053	41 
3054	29 
3055	2 
3056	53 
3057	35 
3058	78 
3059	54 
3060	5 
3061	3 
3062	5 
3063	41 
3064	88 
3065	29 
3066	24 
3067	16 
3068	8 
3069	61 
3070	39 
3071	53 
3072	21 
3073	13 
3074	82 
3075	37 
3076	60 
3077	37 
3078	25 
3079	78 
3080	91 
3081	31 
3082	26 
3083	72 
3084	61 
3085	72 
3086	71 
3087	27 
3088	66 
3089	71 
3090	49 
3091	59 
3092	89 
3093	56 
3094	25 
3095	23 
3096	77 
3097	8 
3098	10 
3099	87 
3100	8 
3101	55 
3102	15 
3103	60 
3104	98 
3105	81 
3106	73 
3107	76 
3108	71 
3109	2 
3110	88 
3111	60 
3112	11 
3113	93 
3114	104 
3115	67 
3116	55 
3117	80 
3118	55 
3119	59 
3120	16 
3121	71 
3122	53 
3123	7 
3124	50 
3125	42 
3126	14 
3127	95 
3128	50 
3129	39 
3130	102 
3131	66 
3132	34 
3133	56 
3134	100 
3135	70 
3136	22 
3137	34 
3138	56 
3139	34 
3140	103 
3141	9 
3142	26 
3143	15 
3144	81 
3145	14 
3146	29 
3147	1 
3148	61 
3149	5 
3150	53 
3151	85 
3152	30 
3153	88 
3154	103 
3155	5 
3156	55 
3157	40 
3158	75 
3159	24 
3160	27 
3161	68 
3162	63 
3163	84 
3164	35 
3165	47 
3166	31 
3167	49 
3168	7 
3169	32 
3170	14 
3171	4 
3172	55 
3173	74 
3174	72 
3175	38 
3176	64 
3177	87 
3178	60 
3179	15 
3180	56 
3181	21 
3182	80 
3183	31 
3184	21 
3185	19 
3186	37 
3187	34 
3188	11 
3189	60 
3190	33 
3191	89 
3192	55 
3193	22 
3194	88 
3195	12 
3196	69 
3197	97 
3198	32 
3199	79 
3200	30 
3201	19 
3202	46 
3203	21 
3204	26 
3205	38 
3206	12 
3207	39 
3208	83 
3209	58 
3210	51 
3211	79 
3212	61 
3213	81 
3214	88 
3215	86 
3216	12 
3217	61 
3218	32 
3219	30 
3220	57 
3221	25 
3222	9 
3223	85 
3224	98 
3225	83 
3226	24 
3227	45 
3228	5 
3229	30 
3230	22 
3231	34 
3232	56 
3233	103 
3234	58 
3235	61 
3236	61 
3237	99 
3238	53 
3239	80 
3240	101 
3241	71 
3242	8 
3243	72 
3244	96 
3245	65 
3246	19 
3247	54 
3248	41 
3249	68 
3250	57 
3251	23 
3252	50 
3253	102 
3254	76 
3255	83 
3256	86 
3257	45 
3258	56 
3259	51 
3260	51 
3261	19 
3262	72 
3263	35 
3264	24 
3265	40 
3266	56 
3267	58 
3268	102 
3269	98 
3270	12 
3271	68 
3272	37 
3273	85 
3274	55 
3275	89 
3276	69 
3277	84 
3278	66 
3279	5 
3280	74 
3281	12 
3282	41 
3283	10 
3284	41 
3285	81 
3286	104 
3287	66 
3288	50 
3289	75 
3290	11 
3291	15 
3292	82 
3293	48 
3294	79 
3295	63 
3296	20 
3297	31 
3298	55 
3299	6 
3300	44 
3301	14 
3302	64 
3303	66 
3304	31 
3305	100 
3306	64 
3307	35 
3308	49 
3309	7 
3310	49 
3311	27 
3312	67 
3313	21 
3314	80 
3315	69 
3316	90 
3317	49 
3318	31 
3319	66 
3320	44 
3321	5 
3322	35 
3323	31 
3324	70 
3325	12 
3326	1 
3327	84 
3328	10 
3329	59 
3330	42 
3331	38 
3332	45 
3333	16 
3334	78 
3335	15 
3336	80 
3337	90 
3338	14 
3339	91 
3340	85 
3341	37 
3342	4 
3343	56 
3344	13 
3345	80 
3346	17 
3347	64 
3348	12 
3349	56 
3350	59 
3351	69 
3352	31 
3353	31 
3354	98 
3355	6 
3356	40 
3357	10 
3358	4 
3359	75 
3360	12 
3361	45 
3362	104 
3363	15 
3364	50 
3365	83 
3366	59 
3367	80 
3368	17 
3369	104 
3370	48 
3371	74 
3372	50 
3373	42 
3374	65 
3375	43 
3376	1 
3377	53 
3378	98 
3379	27 
3380	4 
3381	33 
3382	103 
3383	43 
3384	102 
3385	102 
3386	77 
3387	85 
3388	16 
3389	31 
3390	21 
3391	46 
3392	46 
3393	69 
3394	56 
3395	44 
3396	19 
3397	32 
3398	80 
3399	103 
3400	46 
3401	94 
3402	88 
3403	38 
3404	36 
3405	24 
3406	28 
3407	7 
3408	62 
3409	62 
3410	46 
3411	92 
3412	58 
3413	61 
3414	21 
3415	4 
3416	79 
3417	16 
3418	11 
3419	36 
3420	21 
3421	35 
3422	53 
3423	84 
3424	44 
3425	84 
3426	16 
3427	41 
3428	93 
3429	57 
3430	24 
3431	35 
3432	104 
3433	17 
3434	58 
3435	41 
3436	56 
3437	14 
3438	48 
3439	59 
3440	46 
3441	33 
3442	80 
3443	85 
3444	45 
3445	23 
3446	55 
3447	56 
3448	29 
3449	11 
3450	34 
3451	13 
3452	70 
3453	60 
3454	56 
3455	82 
3456	20 
3457	90 
3458	61 
3459	75 
3460	103 
3461	72 
3462	52 
3463	49 
3464	30 
3465	18 
3466	84 
3467	56 
3468	52 
3469	10 
3470	66 
3471	28 
3472	13 
3473	77 
3474	15 
3475	17 
3476	85 
3477	104 
3478	104 
3479	53 
3480	51 
3481	11 
3482	5 
3483	43 
3484	23 
3485	15 
3486	70 
3487	59 
3488	92 
3489	104 
3490	52 
3491	98 
3492	94 
3493	76 
3494	80 
3495	46 
3496	19 
3497	45 
3498	35 
3499	15 
3500	89 
3501	53 
3502	71 
3503	11 
3504	44 
3505	49 
3506	86 
3507	101 
3508	70 
3509	80 
3510	46 
3511	86 
3512	67 
3513	59 
3514	102 
3515	81 
3516	17 
3517	69 
3518	28 
3519	97 
3520	44 
3521	49 
3522	87 
3523	72 
3524	72 
3525	79 
3526	75 
3527	101 
3528	70 
3529	85 
3530	7 
3531	74 
3532	16 
3533	45 
3534	15 
3535	79 
3536	13 
3537	77 
3538	45 
3539	53 
3540	36 
3541	32 
3542	46 
3543	10 
3544	58 
3545	26 
3546	77 
3547	38 
3548	69 
3549	36 
3550	103 
3551	1 
3552	22 
3553	48 
3554	57 
3555	45 
3556	13 
3557	21 
3558	101 
3559	43 
3560	69 
3561	1 
3562	53 
3563	84 
3564	34 
3565	7 
3566	10 
3567	34 
3568	29 
3569	10 
3570	88 
3571	13 
3572	15 
3573	50 
3574	19 
3575	32 
3576	22 
3577	61 
3578	33 
3579	98 
3580	102 
3581	44 
3582	67 
3583	19 
3584	1 
3585	98 
3586	15 
3587	28 
3588	46 
3589	2 
3590	45 
3591	18 
3592	103 
3593	19 
3594	54 
3595	66 
3596	45 
3597	9 
3598	19 
3599	38 
3600	72 
3601	95 
3602	59 
3603	45 
3604	5 
3605	78 
3606	82 
3607	60 
3608	8 
3609	65 
3610	26 
3611	63 
3612	18 
3613	49 
3614	9 
3615	34 
3616	45 
3617	43 
3618	2 
3619	51 
3620	19 
3621	89 
3622	65 
3623	23 
3624	55 
3625	61 
3626	30 
3627	93 
3628	57 
3629	55 
3630	38 
3631	52 
3632	50 
3633	53 
3634	56 
3635	66 
3636	3 
3637	90 
3638	99 
3639	13 
3640	89 
3641	85 
3642	20 
3643	91 
3644	1 
3645	55 
3646	48 
3647	5 
3648	60 
3649	85 
3650	43 
3651	46 
3652	100 
3653	44 
3654	91 
3655	67 
3656	98 
3657	90 
3658	89 
3659	103 
3660	44 
3661	2 
3662	13 
3663	42 
3664	49 
3665	19 
3666	43 
3667	7 
3668	72 
3669	88 
3670	80 
3671	64 
3672	71 
3673	85 
3674	4 
3675	78 
3676	91 
3677	45 
3678	85 
3679	39 
3680	30 
3681	53 
3682	72 
3683	80 
3684	33 
3685	50 
3686	84 
3687	63 
3688	67 
3689	50 
3690	11 
3691	21 
3692	53 
3693	38 
3694	23 
3695	45 
3696	81 
3697	4 
3698	35 
3699	81 
3700	84 
3701	48 
3702	19 
3703	47 
3704	28 
3705	85 
3706	59 
3707	28 
3708	6 
3709	55 
3710	83 
3711	49 
3712	7 
3713	45 
3714	53 
3715	80 
3716	45 
3717	48 
3718	91 
3719	31 
3720	93 
3721	98 
3722	10 
3723	98 
3724	55 
3725	82 
3726	54 
3727	45 
3728	49 
3729	38 
3730	61 
3731	43 
3732	76 
3733	6 
3734	77 
3735	20 
3736	16 
3737	86 
3738	58 
3739	32 
3740	71 
3741	95 
3742	54 
3743	15 
3744	9 
3745	16 
3746	98 
3747	41 
3748	45 
3749	37 
3750	32 
3751	46 
3752	57 
3753	69 
3754	34 
3755	56 
3756	6 
3757	21 
3758	37 
3759	67 
3760	56 
3761	14 
3762	84 
3763	46 
3764	67 
3765	16 
3766	66 
3767	55 
3768	51 
3769	5 
3770	16 
3771	21 
3772	10 
3773	3 
3774	57 
3775	13 
3776	32 
3777	82 
3778	34 
3779	50 
3780	50 
3781	3 
3782	19 
3783	17 
3784	65 
3785	90 
3786	73 
3787	75 
3788	76 
3789	89 
3790	41 
3791	68 
3792	73 
3793	71 
3794	84 
3795	103 
3796	101 
3797	54 
3798	102 
3799	41 
3800	41 
3801	68 
3802	53 
3803	64 
3804	73 
3805	79 
3806	47 
3807	21 
3808	76 
3809	103 
3810	52 
3811	43 
3812	34 
3813	3 
3814	80 
3815	88 
3816	83 
3817	83 
3818	66 
3819	87 
3820	72 
3821	41 
3822	83 
3823	89 
3824	22 
3825	71 
3826	10 
3827	57 
3828	81 
3829	33 
3830	56 
3831	73 
3832	57 
3833	13 
3834	12 
3835	34 
3836	4 
3837	34 
3838	31 
3839	87 
3840	57 
3841	55 
3842	66 
3843	19 
3844	17 
3845	85 
3846	41 
3847	70 
3848	76 
3849	63 
3850	56 
3851	14 
3852	48 
3853	56 
3854	57 
3855	21 
3856	59 
3857	54 
3858	101 
3859	88 
3860	30 
3861	60 
3862	15 
3863	80 
3864	9 
3865	92 
3866	75 
3867	1 
3868	82 
3869	34 
3870	86 
3871	90 
3872	55 
3873	4 
3874	11 
3875	31 
3876	6 
3877	75 
3878	90 
3879	85 
3880	53 
3881	49 
3882	8 
3883	97 
3884	46 
3885	47 
3886	84 
3887	58 
3888	8 
3889	34 
3890	79 
3891	18 
3892	62 
3893	34 
3894	41 
3895	62 
3896	56 
3897	71 
3898	64 
3899	71 
3900	13 
3901	52 
3902	10 
3903	72 
3904	102 
3905	97 
3906	13 
3907	71 
3908	77 
3909	78 
3910	95 
3911	35 
3912	46 
3913	52 
3914	71 
3915	91 
3916	67 
3917	93 
3918	35 
3919	9 
3920	46 
3921	95 
3922	95 
3923	38 
3924	16 
3925	77 
3926	85 
3927	41 
3928	73 
3929	16 
3930	19 
3931	2 
3932	55 
3933	15 
3934	28 
3935	69 
3936	98 
3937	66 
3938	34 
3939	58 
3940	30 
3941	34 
3942	80 
3943	45 
3944	5 
3945	66 
3946	104 
3947	39 
3948	103 
3949	90 
3950	78 
3951	101 
3952	103 
3953	30 
3954	31 
3955	2 
3956	44 
3957	37 
3958	83 
3959	46 
3960	21 
3961	104 
3962	66 
3963	38 
3964	103 
3965	18 
3966	3 
3967	2 
3968	86 
3969	82 
3970	63 
3971	43 
3972	77 
3973	10 
3974	84 
3975	101 
3976	15 
3977	62 
3978	39 
3979	93 
3980	83 
3981	38 
3982	43 
3983	66 
3984	84 
3985	17 
3986	44 
3987	70 
3988	61 
3989	28 
3990	74 
3991	77 
3992	37 
3993	19 
3994	6 
3995	23 
3996	82 
3997	14 
3998	102 
3999	60 
4000	44 
4001	43 
4002	9 
4003	7 
4004	60 
4005	30 
4006	18 
4007	21 
4008	85 
4009	17 
4010	66 
4011	17 
4012	71 
4013	10 
4014	98 
4015	41 
4016	104 
4017	4 
4018	97 
4019	61 
4020	33 
4021	59 
4022	85 
4023	85 
4024	83 
4025	33 
4026	28 
4027	84 
4028	85 
4029	6 
4030	55 
4031	78 
4032	55 
4033	39 
4034	95 
4035	87 
4036	74 
4037	50 
4038	69 
4039	14 
4040	64 
4041	14 
4042	57 
4043	19 
4044	57 
4045	85 
4046	49 
4047	28 
4048	19 
4049	84 
4050	75 
4051	30 
4052	104 
4053	46 
4054	68 
4055	41 
4056	6 
4057	74 
4058	47 
4059	102 
4060	28 
4061	10 
4062	67 
4063	45 
4064	53 
4065	72 
4066	53 
4067	18 
4068	13 
4069	47 
4070	78 
4071	67 
4072	32 
4073	58 
4074	17 
4075	56 
4076	54 
4077	66 
4078	67 
4079	104 
4080	47 
4081	45 
4082	16 
4083	23 
4084	102 
4085	80 
4086	71 
4087	30 
4088	32 
4089	32 
4090	23 
4091	88 
4092	54 
4093	15 
4094	35 
4095	95 
4096	84 
4097	18 
4098	3 
4099	53 
4100	21 
4101	83 
4102	41 
4103	101 
4104	87 
4105	85 
4106	34 
4107	59 
4108	32 
4109	21 
4110	48 
4111	82 
4112	69 
4113	56 
4114	11 
4115	33 
4116	34 
4117	69 
4118	34 
4119	60 
4120	58 
4121	23 
4122	69 
4123	54 
4124	17 
4125	85 
4126	62 
4127	60 
4128	91 
4129	31 
4130	72 
4131	54 
4132	14 
4133	8 
4134	75 
4135	75 
4136	83 
4137	18 
4138	61 
4139	14 
4140	13 
4141	71 
4142	71 
4143	38 
4144	53 
4145	19 
4146	34 
4147	41 
4148	44 
4149	14 
4150	30 
4151	80 
4152	39 
4153	19 
4154	71 
4155	84 
4156	46 
4157	51 
4158	34 
4159	30 
4160	30 
4161	11 
4162	81 
4163	103 
4164	72 
4165	80 
4166	28 
4167	79 
4168	32 
4169	13 
4170	80 
4171	52 
4172	5 
4173	60 
4174	38 
4175	19 
4176	53 
4177	21 
4178	30 
4179	41 
4180	34 
4181	2 
4182	64 
4183	34 
4184	21 
4185	41 
4186	66 
4187	43 
4188	97 
4189	41 
4190	60 
4191	60 
4192	68 
4193	31 
4194	64 
4195	103 
4196	84 
4197	32 
4198	15 
4199	21 
4200	95 
4201	68 
4202	21 
4203	13 
4204	61 
4205	54 
4206	21 
4207	84 
4208	19 
4209	49 
4210	37 
4211	104 
4212	49 
4213	44 
4214	3 
4215	55 
4216	58 
4217	58 
4218	4 
4219	44 
4220	81 
4221	38 
4222	15 
4223	15 
4224	52 
4225	81 
4226	104 
4227	58 
4228	91 
4229	57 
4230	88 
4231	44 
4232	46 
4233	16 
4234	67 
4235	81 
4236	74 
4237	56 
4238	19 
4239	84 
4240	30 
4241	53 
4242	31 
4243	71 
4244	38 
4245	51 
4246	8 
4247	59 
4248	14 
4249	63 
4250	79 
4251	66 
4252	98 
4253	34 
4254	21 
4255	91 
4256	13 
4257	38 
4258	31 
4259	62 
4260	16 
4261	13 
4262	90 
4263	69 
4264	97 
4265	43 
4266	71 
4267	98 
4268	82 
4269	14 
4270	8 
4271	80 
4272	6 
4273	55 
4274	9 
4275	62 
4276	51 
4277	16 
4278	69 
4279	85 
4280	51 
4281	85 
4282	16 
4283	31 
4284	61 
4285	46 
4286	41 
4287	102 
4288	90 
4289	80 
4290	4 
4291	69 
4292	39 
4293	90 
4294	21 
4295	14 
4296	34 
4297	38 
4298	102 
4299	15 
4300	49 
4301	61 
4302	15 
4303	89 
4304	93 
4305	58 
4306	55 
4307	47 
4308	56 
4309	88 
4310	14 
4311	55 
4312	90 
4313	13 
4314	64 
4315	7 
4316	47 
4317	39 
4318	60 
4319	56 
4320	38 
4321	9 
4322	76 
4323	83 
4324	83 
4325	15 
4326	84 
4327	64 
4328	11 
4329	92 
4330	35 
4331	82 
4332	3 
4333	6 
4334	21 
4335	84 
4336	63 
4337	55 
4338	46 
4339	11 
4340	52 
4341	31 
4342	57 
4343	33 
4344	32 
4345	82 
4346	57 
4347	45 
4348	66 
4349	41 
4350	33 
4351	103 
4352	91 
4353	41 
4354	95 
4355	15 
4356	89 
4357	13 
4358	15 
4359	35 
4360	61 
4361	31 
4362	31 
4363	21 
4364	83 
4365	83 
4366	59 
4367	93 
4368	64 
4369	43 
4370	11 
4371	75 
4372	64 
4373	15 
4374	50 
4375	34 
4376	60 
4377	35 
4378	28 
4379	83 
4380	19 
4381	31 
4382	49 
4383	55 
4384	57 
4385	91 
4386	104 
4387	57 
4388	64 
4389	15 
4390	75 
4391	34 
4392	16 
4393	33 
4394	50 
4395	69 
4396	71 
4397	44 
4398	103 
4399	88 
4400	58 
4401	52 
4402	88 
4403	81 
4404	28 
4405	98 
4406	6 
4407	21 
4408	69 
4409	30 
4410	47 
4411	50 
4412	64 
4413	48 
4414	19 
4415	16 
4416	13 
4417	72 
4418	44 
4419	13 
4420	18 
4421	85 
4422	85 
4423	31 
4424	102 
4425	64 
4426	59 
4427	80 
4428	46 
4429	61 
4430	103 
4431	16 
4432	50 
4433	88 
4434	30 
4435	19 
4436	84 
4437	43 
4438	69 
4439	60 
4440	45 
4441	51 
4442	11 
4443	2 
4444	31 
4445	90 
4446	38 
4447	46 
4448	3 
4449	102 
4450	66 
4451	97 
4452	30 
4453	88 
4454	2 
4455	75 
4456	30 
4457	38 
4458	16 
4459	84 
4460	3 
4461	98 
4462	90 
4463	72 
4464	76 
4465	30 
4466	21 
4467	85 
4468	21 
4469	101 
4470	82 
4471	82 
4472	88 
4473	5 
4474	15 
4475	14 
4476	71 
4477	85 
4478	76 
4479	63 
4480	19 
4481	3 
4482	92 
4483	83 
4484	34 
4485	61 
4486	9 
4487	55 
4488	28 
4489	90 
4490	71 
4491	60 
4492	43 
4493	21 
4494	80 
4495	51 
4496	76 
4497	49 
4498	6 
4499	16 
4500	14 
4501	41 
4502	33 
4503	88 
4504	98 
4505	60 
4506	21 
4507	6 
4508	43 
4509	15 
4510	50 
4511	58 
4512	74 
4513	32 
4514	17 
4515	8 
4516	64 
4517	45 
4518	41 
4519	34 
4520	53 
4521	79 
4522	51 
4523	35 
4524	104 
4525	90 
4526	101 
4527	5 
4528	41 
4529	104 
4530	41 
4531	71 
4532	78 
4533	53 
4534	15 
4535	59 
4536	67 
4537	56 
4538	83 
4539	67 
4540	88 
4541	88 
4542	85 
4543	53 
4544	90 
4545	47 
4546	88 
4547	17 
4548	82 
4549	72 
4550	14 
4551	92 
4552	88 
4553	53 
4554	84 
4555	71 
4556	46 
4557	51 
4558	58 
4559	60 
4560	3 
4561	13 
4562	7 
4563	28 
4564	82 
4565	31 
4566	60 
4567	69 
4568	83 
4569	104 
4570	50 
4571	8 
4572	45 
4573	15 
4574	33 
4575	64 
4576	38 
4577	80 
4578	59 
4579	17 
4580	58 
4581	89 
4582	64 
4583	11 
4584	58 
4585	92 
4586	80 
4587	66 
4588	30 
4589	56 
4590	53 
4591	31 
4592	82 
4593	32 
4594	88 
4595	28 
4596	49 
4597	85 
4598	9 
4599	80 
4600	30 
4601	59 
4602	3 
4603	84 
4604	74 
4605	69 
4606	72 
4607	71 
4608	32 
4609	61 
4610	56 
4611	55 
4612	46 
4613	28 
4614	6 
4615	2 
4616	63 
4617	55 
4618	74 
4619	102 
4620	101 
4621	5 
4622	43 
4623	85 
4624	80 
4625	83 
4626	31 
4627	7 
4628	17 
4629	56 
4630	89 
4631	90 
4632	41 
4633	83 
4634	61 
4635	84 
4636	19 
4637	61 
4638	18 
4639	11 
4640	2 
4641	76 
4642	19 
4643	45 
4644	2 
4645	57 
4646	13 
4647	45 
4648	43 
4649	83 
4650	8 
4651	81 
4652	63 
4653	58 
4654	2 
4655	38 
4656	84 
4657	49 
4658	76 
4659	45 
4660	32 
4661	56 
4662	21 
4663	34 
4664	38 
4665	17 
4666	82 
4667	83 
4668	57 
4669	13 
4670	28 
4671	69 
4672	19 
4673	72 
4674	49 
4675	76 
4676	101 
4677	41 
4678	56 
4679	83 
4680	13 
4681	51 
4682	88 
4683	41 
4684	66 
4685	43 
4686	30 
4687	46 
4688	38 
4689	83 
4690	56 
4691	72 
4692	49 
4693	85 
4694	7 
4695	17 
4696	84 
4697	85 
4698	45 
4699	64 
4700	11 
4701	101 
4702	45 
4703	52 
4704	66 
4705	103 
4706	41 
4707	13 
4708	102 
4709	83 
4710	55 
4711	79 
4712	15 
4713	49 
4714	60 
4715	17 
4716	74 
4717	45 
4718	57 
4719	55 
4720	15 
4721	64 
4722	13 
4723	16 
4724	13 
4725	66 
4726	83 
4727	102 
4728	49 
4729	13 
4730	43 
4731	38 
4732	72 
4733	28 
4734	102 
4735	46 
4736	101 
4737	64 
4738	88 
4739	31 
4740	80 
4741	52 
4742	17 
4743	38 
4744	53 
4745	89 
4746	34 
4747	90 
4748	60 
4749	21 
4750	2 
4751	102 
4752	71 
4753	7 
4754	69 
4755	60 
4756	103 
4757	45 
4758	82 
4759	38 
4760	46 
4761	92 
4762	61 
4763	90 
4764	56 
4765	55 
4766	71 
4767	2 
4768	90 
4769	83 
4770	38 
4771	83 
4772	71 
4773	7 
4774	85 
4775	64 
4776	63 
4777	50 
4778	38 
4779	69 
4780	102 
4781	55 
4782	88 
4783	80 
4784	11 
4785	19 
4786	64 
4787	72 
4788	44 
4789	2 
4790	17 
4791	56 
4792	50 
4793	92 
4794	49 
4795	30 
4796	6 
4797	69 
4798	21 
4799	2 
4800	41 
4801	46 
4802	85 
4803	35 
4804	84 
4805	88 
4806	41 
4807	69 
4808	56 
4809	49 
4810	14 
4811	76 
4812	21 
4813	32 
4814	15 
4815	18 
4816	71 
4817	7 
4818	76 
4819	80 
4820	76 
4821	31 
4822	34 
4823	85 
4824	92 
4825	31 
4826	88 
4827	76 
4828	74 
4829	53 
4830	80 
4831	34 
4832	15 
4833	13 
4834	15 
4835	104 
4836	45 
4837	46 
4838	85 
4839	55 
4840	11 
4841	19 
4842	53 
4843	58 
4844	16 
4845	43 
4846	84 
4847	6 
4848	76 
4849	13 
4850	102 
4851	55 
4852	84 
4853	50 
4854	30 
4855	64 
4856	89 
4857	56 
4858	61 
4859	16 
4860	31 
4861	64 
4862	13 
4863	56 
4864	38 
4865	44 
4866	16 
4867	89 
4868	13 
4869	45 
4870	41 
4871	32 
4872	58 
4873	50 
4874	66 
4875	85 
4876	69 
4877	85 
4878	60 
4879	56 
4880	92 
4881	19 
4882	34 
4883	53 
4884	59 
4885	56 
4886	5 
4887	38 
4888	80 
4889	55 
4890	69 
4891	13 
4892	63 
4893	21 
4894	58 
4895	53 
4896	61 
4897	69 
4898	19 
4899	34 
4900	17 
4901	58 
4902	63 
4903	69 
4904	15 
4905	102 
4906	85 
4907	33 
4908	14 
4909	80 
4910	63 
4911	83 
4912	85 
4913	14 
4914	30 
4915	60 
4916	61 
4917	15 
4918	30 
4919	61 
4920	60 
4921	61 
4922	66 
4923	89 
4924	7 
4925	21 
4926	63 
4927	79 
4928	103 
4929	104 
4930	64 
4931	59 
4932	49 
4933	64 
4934	82 
4935	71 
4936	55 
4937	75 
4938	19 
4939	19 
4940	44 
4941	69 
4942	61 
4943	102 
4944	84 
4945	69 
4946	11 
4947	19 
4948	61 
4949	50 
4950	7 
4951	53 
4952	53 
4953	85 
4954	17 
4955	76 
4956	66 
4957	33 
4958	15 
4959	57 
4960	64 
4961	13 
4962	14 
4963	55 
4964	38 
4965	64 
4966	84 
4967	59 
4968	50 
4969	84 
4970	90 
4971	85 
4972	50 
4973	38 
4974	102 
4975	16 
4976	21 
4977	75 
4978	34 
4979	64 
4980	15 
4981	30 
4982	57 
4983	66 
4984	83 
4985	64 
4986	17 
4987	17 
4988	82 
4989	43 
4990	34 
4991	43 
4992	89 
4993	34 
4994	82 
4995	102 
4996	14 
4997	71 
4998	19 
4999	69 
5000	90 
