1	49 
2	60 
3	49 
4	90 
5	75 
6	59 
7	76 
8	8 
9	43 
10	34 
11	84 
12	2 
13	93 
14	85 
15	41 
16	1 
17	26 
18	17 
19	65 
20	87 
21	41 
22	49 
23	89 
24	77 
25	61 
26	81 
27	19 
28	80 
29	50 
30	85 
31	19 
32	101 
33	35 
34	67 
35	81 
36	36 
37	45 
38	30 
39	49 
40	15 
41	15 
42	7 
43	38 
44	38 
45	67 
46	86 
47	49 
48	47 
49	68 
50	61 
51	75 
52	56 
53	102 
54	45 
55	39 
56	102 
57	49 
58	61 
59	45 
60	34 
61	1 
62	37 
63	6 
64	58 
65	84 
66	57 
67	38 
68	84 
69	32 
70	14 
71	83 
72	88 
73	48 
74	5 
75	63 
76	31 
77	17 
78	35 
79	36 
80	90 
81	59 
82	91 
83	19 
84	98 
85	21 
86	13 
87	96 
88	72 
89	51 
90	55 
91	33 
92	4 
93	88 
94	8 
95	82 
96	60 
97	42 
98	76 
99	85 
100	17 
101	70 
102	64 
103	66 
104	32 
105	58 
106	93 
107	64 
108	98 
109	42 
110	93 
111	34 
112	53 
113	80 
114	21 
115	78 
116	21 
117	26 
118	31 
119	53 
120	64 
121	13 
122	56 
123	63 
124	32 
125	84 
126	80 
127	101 
128	21 
129	34 
130	15 
131	52 
132	50 
133	56 
134	58 
135	93 
136	60 
137	19 
138	89 
139	46 
140	38 
141	56 
142	10 
143	32 
144	32 
145	50 
146	82 
147	56 
148	93 
149	34 
150	54 
151	80 
152	58 
153	102 
154	61 
155	55 
156	104 
157	75 
158	41 
159	15 
160	13 
161	61 
162	7 
163	76 
164	102 
165	38 
166	84 
167	75 
168	95 
169	51 
170	85 
171	91 
172	89 
173	90 
174	94 
175	64 
176	103 
177	51 
178	42 
179	44 
180	92 
181	30 
182	58 
183	80 
184	57 
185	80 
186	35 
187	80 
188	31 
189	103 
190	21 
191	38 
192	13 
193	66 
194	43 
195	29 
196	13 
197	96 
198	53 
199	91 
200	27 
201	57 
202	44 
203	19 
204	55 
205	80 
206	30 
207	9 
208	18 
209	41 
210	47 
211	78 
212	67 
213	63 
214	90 
215	42 
216	55 
217	28 
218	83 
219	57 
220	7 
221	14 
222	72 
223	38 
224	60 
225	14 
226	76 
227	41 
228	45 
229	80 
230	46 
231	53 
232	81 
233	4 
234	66 
235	57 
236	43 
237	40 
238	58 
239	24 
240	34 
241	44 
242	21 
243	58 
244	32 
245	92 
246	39 
247	30 
248	45 
249	33 
250	17 
251	36 
252	69 
253	63 
254	55 
255	79 
256	84 
257	38 
258	63 
259	59 
260	9 
261	38 
262	68 
263	4 
264	41 
265	97 
266	71 
267	51 
268	60 
269	67 
270	53 
271	31 
272	58 
273	74 
274	102 
275	14 
276	21 
277	56 
278	61 
279	45 
280	66 
281	14 
282	30 
283	36 
284	19 
285	69 
286	50 
287	46 
288	63 
289	89 
290	57 
291	79 
292	80 
293	21 
294	76 
295	76 
296	53 
297	6 
298	49 
299	20 
300	41 
301	12 
302	80 
303	32 
304	63 
305	45 
306	92 
307	83 
308	81 
309	65 
310	42 
311	61 
312	85 
313	37 
314	59 
315	4 
316	102 
317	100 
318	16 
319	90 
320	91 
321	38 
322	50 
323	90 
324	38 
325	103 
326	2 
327	5 
328	4 
329	37 
330	8 
331	60 
332	16 
333	24 
334	8 
335	56 
336	90 
337	61 
338	39 
339	14 
340	92 
341	94 
342	86 
343	89 
344	39 
345	28 
346	85 
347	63 
348	90 
349	71 
350	69 
351	45 
352	72 
353	70 
354	55 
355	80 
356	45 
357	60 
358	90 
359	41 
360	88 
361	21 
362	103 
363	84 
364	93 
365	52 
366	40 
367	53 
368	67 
369	63 
370	78 
371	92 
372	19 
373	38 
374	80 
375	50 
376	44 
377	39 
378	4 
379	31 
380	12 
381	43 
382	16 
383	41 
384	46 
385	43 
386	85 
387	101 
388	77 
389	23 
390	84 
391	91 
392	93 
393	21 
394	12 
395	89 
396	18 
397	97 
398	3 
399	6 
400	69 
401	55 
402	23 
403	56 
404	43 
405	12 
406	51 
407	82 
408	12 
409	103 
410	3 
411	65 
412	8 
413	21 
414	61 
415	40 
416	56 
417	70 
418	11 
419	21 
420	11 
421	67 
422	59 
423	76 
424	90 
425	30 
426	41 
427	34 
428	50 
429	24 
430	60 
431	26 
432	27 
433	8 
434	63 
435	75 
436	88 
437	46 
438	88 
439	30 
440	46 
441	47 
442	80 
443	10 
444	66 
445	5 
446	73 
447	46 
448	56 
449	45 
450	60 
451	52 
452	38 
453	31 
454	44 
455	34 
456	75 
457	92 
458	17 
459	11 
460	14 
461	42 
462	63 
463	98 
464	41 
465	41 
466	71 
467	85 
468	89 
469	50 
470	53 
471	26 
472	41 
473	19 
474	69 
475	69 
476	37 
477	97 
478	68 
479	8 
480	51 
481	21 
482	25 
483	64 
484	10 
485	71 
486	29 
487	16 
488	92 
489	56 
490	84 
491	19 
492	61 
493	38 
494	60 
495	61 
496	52 
497	101 
498	67 
499	89 
500	56 
501	42 
502	71 
503	85 
504	60 
505	71 
506	56 
507	19 
508	26 
509	17 
510	30 
511	52 
512	19 
513	56 
514	47 
515	18 
516	50 
517	96 
518	38 
519	21 
520	52 
521	95 
522	77 
523	76 
524	82 
525	89 
526	79 
527	95 
528	39 
529	84 
530	19 
531	58 
532	73 
533	55 
534	85 
535	75 
536	44 
537	38 
538	41 
539	44 
540	90 
541	41 
542	8 
543	51 
544	66 
545	32 
546	65 
547	84 
548	59 
549	5 
550	76 
551	56 
552	87 
553	59 
554	90 
555	85 
556	72 
557	68 
558	15 
559	53 
560	60 
561	24 
562	92 
563	84 
564	45 
565	53 
566	37 
567	84 
568	68 
569	68 
570	3 
571	69 
572	6 
573	19 
574	13 
575	4 
576	51 
577	27 
578	61 
579	90 
580	23 
581	93 
582	21 
583	38 
584	66 
585	14 
586	47 
587	89 
588	90 
589	16 
590	67 
591	17 
592	2 
593	10 
594	15 
595	55 
596	35 
597	83 
598	58 
599	71 
600	6 
601	17 
602	82 
603	47 
604	96 
605	98 
606	99 
607	101 
608	77 
609	83 
610	47 
611	17 
612	71 
613	100 
614	53 
615	1 
616	53 
617	82 
618	32 
619	27 
620	2 
621	94 
622	46 
623	14 
624	2 
625	92 
626	84 
627	46 
628	76 
629	35 
630	72 
631	73 
632	93 
633	85 
634	13 
635	66 
636	9 
637	101 
638	19 
639	49 
640	71 
641	35 
642	60 
643	77 
644	88 
645	48 
646	45 
647	82 
648	20 
649	31 
650	30 
651	97 
652	66 
653	75 
654	92 
655	12 
656	88 
657	13 
658	103 
659	56 
660	68 
661	61 
662	26 
663	63 
664	4 
665	80 
666	80 
667	69 
668	26 
669	91 
670	99 
671	50 
672	75 
673	6 
674	70 
675	34 
676	77 
677	74 
678	62 
679	80 
680	17 
681	27 
682	17 
683	42 
684	36 
685	64 
686	49 
687	51 
688	64 
689	15 
690	7 
691	41 
692	83 
693	49 
694	20 
695	56 
696	51 
697	23 
698	45 
699	54 
700	37 
701	80 
702	57 
703	50 
704	95 
705	34 
706	34 
707	33 
708	30 
709	22 
710	34 
711	34 
712	32 
713	30 
714	9 
715	23 
716	80 
717	44 
718	91 
719	15 
720	14 
721	7 
722	42 
723	48 
724	44 
725	64 
726	58 
727	53 
728	21 
729	29 
730	16 
731	61 
732	92 
733	76 
734	39 
735	25 
736	29 
737	14 
738	4 
739	44 
740	101 
741	5 
742	38 
743	102 
744	90 
745	30 
746	87 
747	79 
748	71 
749	92 
750	79 
751	73 
752	100 
753	58 
754	16 
755	14 
756	34 
757	7 
758	88 
759	50 
760	57 
761	56 
762	70 
763	87 
764	46 
765	89 
766	77 
767	38 
768	59 
769	97 
770	15 
771	69 
772	39 
773	66 
774	57 
775	23 
776	13 
777	104 
778	54 
779	45 
780	13 
781	28 
782	93 
783	28 
784	1 
785	72 
786	13 
787	68 
788	66 
789	6 
790	10 
791	60 
792	3 
793	42 
794	75 
795	56 
796	91 
797	88 
798	80 
799	31 
800	42 
801	14 
802	56 
803	101 
804	30 
805	55 
806	72 
807	48 
808	68 
809	69 
810	52 
811	58 
812	10 
813	97 
814	78 
815	103 
816	29 
817	85 
818	25 
819	56 
820	64 
821	40 
822	95 
823	100 
824	47 
825	4 
826	56 
827	51 
828	33 
829	23 
830	72 
831	81 
832	33 
833	63 
834	58 
835	39 
836	55 
837	82 
838	50 
839	84 
840	88 
841	60 
842	43 
843	25 
844	50 
845	55 
846	85 
847	33 
848	23 
849	3 
850	70 
851	14 
852	77 
853	95 
854	54 
855	81 
856	34 
857	79 
858	18 
859	17 
860	102 
861	98 
862	20 
863	4 
864	31 
865	10 
866	70 
867	48 
868	3 
869	31 
870	38 
871	6 
872	56 
873	82 
874	81 
875	93 
876	16 
877	49 
878	69 
879	58 
880	50 
881	93 
882	93 
883	45 
884	55 
885	40 
886	92 
887	45 
888	58 
889	72 
890	24 
891	80 
892	2 
893	85 
894	73 
895	18 
896	9 
897	11 
898	30 
899	35 
900	103 
901	61 
902	45 
903	34 
904	96 
905	13 
906	88 
907	59 
908	39 
909	83 
910	76 
911	85 
912	44 
913	86 
914	13 
915	52 
916	41 
917	26 
918	47 
919	49 
920	34 
921	3 
922	72 
923	18 
924	61 
925	53 
926	30 
927	74 
928	85 
929	53 
930	66 
931	41 
932	59 
933	8 
934	8 
935	18 
936	9 
937	46 
938	45 
939	11 
940	85 
941	20 
942	30 
943	19 
944	53 
945	21 
946	45 
947	55 
948	104 
949	98 
950	84 
951	19 
952	36 
953	97 
954	47 
955	56 
956	63 
957	38 
958	99 
959	87 
960	54 
961	49 
962	53 
963	30 
964	95 
965	22 
966	98 
967	102 
968	90 
969	17 
970	69 
971	13 
972	31 
973	51 
974	41 
975	72 
976	50 
977	6 
978	58 
979	61 
980	98 
981	85 
982	85 
983	92 
984	19 
985	15 
986	34 
987	3 
988	64 
989	37 
990	83 
991	85 
992	78 
993	77 
994	5 
995	75 
996	66 
997	83 
998	40 
999	59 
1000	84 
1001	66 
1002	76 
1003	85 
1004	38 
1005	5 
1006	19 
1007	5 
1008	39 
1009	79 
1010	11 
1011	55 
1012	94 
1013	43 
1014	55 
1015	73 
1016	92 
1017	11 
1018	46 
1019	81 
1020	90 
1021	84 
1022	25 
1023	57 
1024	4 
1025	74 
1026	66 
1027	102 
1028	57 
1029	61 
1030	53 
1031	30 
1032	85 
1033	50 
1034	13 
1035	85 
1036	52 
1037	28 
1038	15 
1039	21 
1040	3 
1041	94 
1042	21 
1043	34 
1044	60 
1045	1 
1046	70 
1047	42 
1048	89 
1049	80 
1050	83 
1051	28 
1052	73 
1053	57 
1054	51 
1055	43 
1056	28 
1057	90 
1058	56 
1059	69 
1060	69 
1061	19 
1062	63 
1063	90 
1064	16 
1065	90 
1066	42 
1067	104 
1068	49 
1069	59 
1070	74 
1071	15 
1072	103 
1073	45 
1074	69 
1075	96 
1076	32 
1077	56 
1078	82 
1079	32 
1080	13 
1081	66 
1082	34 
1083	62 
1084	17 
1085	87 
1086	38 
1087	38 
1088	38 
1089	38 
1090	61 
1091	1 
1092	103 
1093	73 
1094	68 
1095	32 
1096	17 
1097	71 
1098	98 
1099	45 
1100	15 
1101	59 
1102	66 
1103	56 
1104	85 
1105	17 
1106	12 
1107	21 
1108	56 
1109	50 
1110	49 
1111	36 
1112	64 
1113	43 
1114	83 
1115	15 
1116	71 
1117	10 
1118	7 
1119	46 
1120	64 
1121	14 
1122	38 
1123	84 
1124	12 
1125	18 
1126	57 
1127	33 
1128	34 
1129	50 
1130	66 
1131	83 
1132	74 
1133	13 
1134	92 
1135	59 
1136	72 
1137	79 
1138	14 
1139	68 
1140	69 
1141	20 
1142	39 
1143	71 
1144	7 
1145	71 
1146	100 
1147	61 
1148	28 
1149	5 
1150	74 
1151	102 
1152	11 
1153	67 
1154	63 
1155	34 
1156	85 
1157	20 
1158	34 
1159	2 
1160	11 
1161	63 
1162	2 
1163	43 
1164	18 
1165	87 
1166	58 
1167	47 
1168	72 
1169	44 
1170	47 
1171	73 
1172	38 
1173	96 
1174	93 
1175	6 
1176	45 
1177	82 
1178	52 
1179	21 
1180	76 
1181	94 
1182	46 
1183	70 
1184	101 
1185	85 
1186	24 
1187	46 
1188	43 
1189	28 
1190	82 
1191	13 
1192	102 
1193	34 
1194	38 
1195	43 
1196	71 
1197	98 
1198	58 
1199	91 
1200	80 
1201	14 
1202	21 
1203	84 
1204	82 
1205	34 
1206	88 
1207	18 
1208	92 
1209	19 
1210	46 
1211	6 
1212	19 
1213	73 
1214	30 
1215	9 
1216	31 
1217	19 
1218	49 
1219	64 
1220	99 
1221	56 
1222	41 
1223	50 
1224	58 
1225	30 
1226	8 
1227	53 
1228	63 
1229	79 
1230	46 
1231	59 
1232	71 
1233	60 
1234	87 
1235	75 
1236	97 
1237	68 
1238	54 
1239	84 
1240	22 
1241	78 
1242	60 
1243	98 
1244	4 
1245	84 
1246	59 
1247	79 
1248	10 
1249	14 
1250	55 
1251	66 
1252	102 
1253	33 
1254	46 
1255	75 
1256	11 
1257	20 
1258	45 
1259	66 
1260	60 
1261	21 
1262	29 
1263	22 
1264	16 
1265	83 
1266	45 
1267	31 
1268	38 
1269	86 
1270	44 
1271	97 
1272	79 
1273	17 
1274	12 
1275	104 
1276	30 
1277	92 
1278	39 
1279	64 
1280	13 
1281	72 
1282	65 
1283	76 
1284	61 
1285	47 
1286	78 
1287	43 
1288	50 
1289	102 
1290	73 
1291	11 
1292	41 
1293	19 
1294	78 
1295	90 
1296	35 
1297	6 
1298	81 
1299	30 
1300	55 
1301	32 
1302	38 
1303	102 
1304	10 
1305	25 
1306	52 
1307	13 
1308	6 
1309	72 
1310	22 
1311	102 
1312	77 
1313	71 
1314	69 
1315	47 
1316	21 
1317	78 
1318	46 
1319	45 
1320	15 
1321	45 
1322	99 
1323	17 
1324	85 
1325	16 
1326	5 
1327	85 
1328	41 
1329	21 
1330	100 
1331	52 
1332	78 
1333	17 
1334	55 
1335	7 
1336	91 
1337	7 
1338	95 
1339	85 
1340	60 
1341	63 
1342	11 
1343	45 
1344	81 
1345	34 
1346	71 
1347	101 
1348	14 
1349	81 
1350	28 
1351	55 
1352	19 
1353	88 
1354	104 
1355	25 
1356	74 
1357	16 
1358	82 
1359	88 
1360	44 
1361	54 
1362	62 
1363	88 
1364	33 
1365	85 
1366	78 
1367	68 
1368	87 
1369	10 
1370	53 
1371	64 
1372	47 
1373	80 
1374	30 
1375	75 
1376	66 
1377	2 
1378	89 
1379	75 
1380	16 
1381	98 
1382	30 
1383	30 
1384	10 
1385	86 
1386	65 
1387	2 
1388	28 
1389	82 
1390	31 
1391	41 
1392	5 
1393	47 
1394	11 
1395	75 
1396	21 
1397	16 
1398	102 
1399	71 
1400	59 
1401	95 
1402	50 
1403	47 
1404	20 
1405	33 
1406	84 
1407	57 
1408	14 
1409	2 
1410	35 
1411	78 
1412	94 
1413	19 
1414	49 
1415	36 
1416	78 
1417	89 
1418	12 
1419	92 
1420	7 
1421	16 
1422	45 
1423	30 
1424	97 
1425	50 
1426	83 
1427	57 
1428	78 
1429	45 
1430	77 
1431	55 
1432	104 
1433	103 
1434	26 
1435	85 
1436	81 
1437	22 
1438	84 
1439	85 
1440	71 
1441	14 
1442	103 
1443	14 
1444	53 
1445	49 
1446	72 
1447	30 
1448	53 
1449	3 
1450	79 
1451	34 
1452	17 
1453	55 
1454	58 
1455	53 
1456	85 
1457	96 
1458	85 
1459	28 
1460	25 
1461	44 
1462	31 
1463	87 
1464	57 
1465	61 
1466	66 
1467	103 
1468	15 
1469	15 
1470	38 
1471	61 
1472	79 
1473	80 
1474	85 
1475	3 
1476	83 
1477	33 
1478	17 
1479	95 
1480	37 
1481	73 
1482	72 
1483	43 
1484	33 
1485	7 
1486	90 
1487	74 
1488	91 
1489	74 
1490	30 
1491	25 
1492	15 
1493	38 
1494	79 
1495	45 
1496	43 
1497	88 
1498	89 
1499	94 
1500	53 
1501	69 
1502	104 
1503	68 
1504	30 
1505	51 
1506	93 
1507	43 
1508	92 
1509	13 
1510	1 
1511	7 
1512	34 
1513	33 
1514	28 
1515	15 
1516	90 
1517	57 
1518	55 
1519	80 
1520	71 
1521	79 
1522	53 
1523	57 
1524	59 
1525	71 
1526	56 
1527	72 
1528	27 
1529	15 
1530	21 
1531	81 
1532	50 
1533	91 
1534	58 
1535	6 
1536	49 
1537	95 
1538	46 
1539	62 
1540	58 
1541	84 
1542	8 
1543	88 
1544	44 
1545	103 
1546	8 
1547	68 
1548	74 
1549	44 
1550	68 
1551	49 
1552	35 
1553	85 
1554	12 
1555	104 
1556	49 
1557	83 
1558	14 
1559	104 
1560	13 
1561	17 
1562	90 
1563	5 
1564	63 
1565	65 
1566	103 
1567	46 
1568	27 
1569	76 
1570	87 
1571	16 
1572	17 
1573	74 
1574	85 
1575	81 
1576	16 
1577	31 
1578	62 
1579	79 
1580	53 
1581	46 
1582	56 
1583	103 
1584	60 
1585	88 
1586	15 
1587	10 
1588	101 
1589	76 
1590	41 
1591	66 
1592	69 
1593	64 
1594	61 
1595	17 
1596	79 
1597	53 
1598	85 
1599	11 
1600	86 
1601	16 
1602	45 
1603	82 
1604	43 
1605	5 
1606	92 
1607	17 
1608	60 
1609	74 
1610	96 
1611	6 
1612	55 
1613	104 
1614	63 
1615	61 
1616	75 
1617	69 
1618	19 
1619	87 
1620	13 
1621	41 
1622	19 
1623	61 
1624	71 
1625	8 
1626	16 
1627	49 
1628	59 
1629	18 
1630	34 
1631	40 
1632	89 
1633	72 
1634	31 
1635	23 
1636	35 
1637	49 
1638	102 
1639	21 
1640	57 
1641	97 
1642	80 
1643	58 
1644	21 
1645	41 
1646	17 
1647	13 
1648	13 
1649	102 
1650	16 
1651	97 
1652	80 
1653	59 
1654	50 
1655	14 
1656	42 
1657	70 
1658	63 
1659	72 
1660	71 
1661	74 
1662	30 
1663	17 
1664	37 
1665	35 
1666	24 
1667	49 
1668	34 
1669	79 
1670	46 
1671	22 
1672	90 
1673	72 
1674	57 
1675	52 
1676	47 
1677	88 
1678	102 
1679	21 
1680	24 
1681	66 
1682	88 
1683	83 
1684	60 
1685	89 
1686	8 
1687	2 
1688	29 
1689	20 
1690	22 
1691	82 
1692	103 
1693	50 
1694	55 
1695	21 
1696	89 
1697	28 
1698	102 
1699	102 
1700	11 
1701	48 
1702	24 
1703	95 
1704	16 
1705	35 
1706	12 
1707	19 
1708	46 
1709	5 
1710	50 
1711	65 
1712	4 
1713	30 
1714	88 
1715	69 
1716	83 
1717	49 
1718	18 
1719	82 
1720	58 
1721	38 
1722	5 
1723	47 
1724	61 
1725	57 
1726	26 
1727	102 
1728	89 
1729	60 
1730	30 
1731	15 
1732	19 
1733	49 
1734	61 
1735	72 
1736	75 
1737	96 
1738	64 
1739	34 
1740	69 
1741	49 
1742	57 
1743	38 
1744	80 
1745	41 
1746	11 
1747	15 
1748	85 
1749	64 
1750	36 
1751	9 
1752	103 
1753	5 
1754	30 
1755	70 
1756	80 
1757	58 
1758	1 
1759	55 
1760	56 
1761	47 
1762	53 
1763	45 
1764	40 
1765	62 
1766	91 
1767	9 
1768	7 
1769	68 
1770	76 
1771	90 
1772	71 
1773	102 
1774	41 
1775	35 
1776	41 
1777	64 
1778	44 
1779	83 
1780	57 
1781	85 
1782	63 
1783	45 
1784	15 
1785	46 
1786	19 
1787	44 
1788	24 
1789	45 
1790	69 
1791	38 
1792	41 
1793	43 
1794	104 
1795	3 
1796	31 
1797	2 
1798	49 
1799	20 
1800	84 
1801	9 
1802	83 
1803	104 
1804	7 
1805	55 
1806	60 
1807	6 
1808	102 
1809	102 
1810	56 
1811	23 
1812	22 
1813	21 
1814	62 
1815	33 
1816	17 
1817	82 
1818	46 
1819	71 
1820	97 
1821	11 
1822	66 
1823	55 
1824	53 
1825	54 
1826	52 
1827	13 
1828	65 
1829	88 
1830	4 
1831	54 
1832	8 
1833	29 
1834	58 
1835	85 
1836	71 
1837	21 
1838	1 
1839	53 
1840	21 
1841	77 
1842	44 
1843	17 
1844	43 
1845	13 
1846	28 
1847	26 
1848	61 
1849	11 
1850	31 
1851	78 
1852	75 
1853	48 
1854	49 
1855	5 
1856	61 
1857	86 
1858	85 
1859	40 
1860	30 
1861	9 
1862	102 
1863	21 
1864	75 
1865	13 
1866	74 
1867	34 
1868	84 
1869	72 
1870	78 
1871	52 
1872	41 
1873	22 
1874	54 
1875	63 
1876	18 
1877	18 
1878	18 
1879	74 
1880	95 
1881	56 
1882	75 
1883	95 
1884	28 
1885	39 
1886	14 
1887	71 
1888	31 
1889	21 
1890	100 
1891	15 
1892	76 
1893	80 
1894	4 
1895	104 
1896	81 
1897	8 
1898	3 
1899	55 
1900	68 
1901	36 
1902	79 
1903	75 
1904	74 
1905	13 
1906	81 
1907	38 
1908	20 
1909	90 
1910	50 
1911	64 
1912	39 
1913	84 
1914	15 
1915	23 
1916	59 
1917	30 
1918	67 
1919	82 
1920	84 
1921	18 
1922	39 
1923	50 
1924	16 
1925	38 
1926	72 
1927	64 
1928	41 
1929	69 
1930	10 
1931	45 
1932	74 
1933	34 
1934	11 
1935	63 
1936	83 
1937	79 
1938	57 
1939	69 
1940	39 
1941	89 
1942	55 
1943	37 
1944	98 
1945	13 
1946	77 
1947	34 
1948	15 
1949	34 
1950	76 
1951	80 
1952	48 
1953	58 
1954	16 
1955	26 
1956	92 
1957	94 
1958	75 
1959	76 
1960	59 
1961	53 
1962	57 
1963	8 
1964	49 
1965	104 
1966	104 
1967	96 
1968	14 
1969	16 
1970	13 
1971	48 
1972	93 
1973	98 
1974	84 
1975	101 
1976	79 
1977	60 
1978	43 
1979	104 
1980	37 
1981	71 
1982	26 
1983	14 
1984	72 
1985	59 
1986	10 
1987	6 
1988	19 
1989	15 
1990	63 
1991	95 
1992	20 
1993	61 
1994	85 
1995	79 
1996	44 
1997	71 
1998	88 
1999	13 
2000	85 
2001	48 
2002	56 
2003	88 
2004	67 
2005	64 
2006	14 
2007	60 
2008	103 
2009	39 
2010	21 
2011	38 
2012	81 
2013	55 
2014	12 
2015	79 
2016	66 
2017	52 
2018	103 
2019	101 
2020	56 
2021	50 
2022	33 
2023	35 
2024	69 
2025	62 
2026	89 
2027	66 
2028	9 
2029	76 
2030	50 
2031	43 
2032	3 
2033	57 
2034	82 
2035	75 
2036	6 
2037	9 
2038	14 
2039	28 
2040	99 
2041	2 
2042	91 
2043	42 
2044	102 
2045	9 
2046	88 
2047	3 
2048	101 
2049	4 
2050	85 
2051	29 
2052	77 
2053	70 
2054	5 
2055	48 
2056	30 
2057	30 
2058	38 
2059	2 
2060	70 
2061	89 
2062	71 
2063	76 
2064	29 
2065	57 
2066	72 
2067	38 
2068	83 
2069	91 
2070	81 
2071	21 
2072	18 
2073	24 
2074	58 
2075	11 
2076	54 
2077	8 
2078	69 
2079	13 
2080	48 
2081	44 
2082	61 
2083	102 
2084	82 
2085	97 
2086	74 
2087	31 
2088	38 
2089	90 
2090	33 
2091	38 
2092	55 
2093	58 
2094	18 
2095	21 
2096	16 
2097	30 
2098	46 
2099	75 
2100	50 
2101	31 
2102	38 
2103	34 
2104	99 
2105	52 
2106	44 
2107	55 
2108	86 
2109	14 
2110	32 
2111	98 
2112	59 
2113	83 
2114	14 
2115	16 
2116	66 
2117	84 
2118	101 
2119	16 
2120	43 
2121	15 
2122	13 
2123	13 
2124	64 
2125	97 
2126	64 
2127	76 
2128	53 
2129	34 
2130	103 
2131	22 
2132	30 
2133	69 
2134	21 
2135	41 
2136	103 
2137	62 
2138	38 
2139	60 
2140	12 
2141	13 
2142	60 
2143	78 
2144	53 
2145	34 
2146	67 
2147	43 
2148	90 
2149	34 
2150	46 
2151	13 
2152	76 
2153	18 
2154	83 
2155	2 
2156	56 
2157	59 
2158	77 
2159	37 
2160	59 
2161	7 
2162	6 
2163	102 
2164	3 
2165	6 
2166	58 
2167	60 
2168	97 
2169	2 
2170	33 
2171	69 
2172	71 
2173	39 
2174	31 
2175	69 
2176	72 
2177	13 
2178	66 
2179	38 
2180	84 
2181	98 
2182	30 
2183	13 
2184	104 
2185	48 
2186	88 
2187	15 
2188	45 
2189	14 
2190	53 
2191	84 
2192	102 
2193	8 
2194	45 
2195	83 
2196	45 
2197	18 
2198	35 
2199	51 
2200	80 
2201	44 
2202	11 
2203	48 
2204	62 
2205	68 
2206	7 
2207	46 
2208	71 
2209	48 
2210	64 
2211	88 
2212	49 
2213	33 
2214	52 
2215	21 
2216	80 
2217	18 
2218	46 
2219	95 
2220	90 
2221	66 
2222	30 
2223	74 
2224	34 
2225	87 
2226	16 
2227	18 
2228	32 
2229	34 
2230	30 
2231	61 
2232	71 
2233	53 
2234	5 
2235	31 
2236	49 
2237	13 
2238	52 
2239	64 
2240	8 
2241	86 
2242	53 
2243	51 
2244	20 
2245	9 
2246	81 
2247	5 
2248	14 
2249	51 
2250	19 
2251	74 
2252	33 
2253	80 
2254	104 
2255	75 
2256	44 
2257	16 
2258	59 
2259	99 
2260	17 
2261	10 
2262	60 
2263	41 
2264	30 
2265	3 
2266	83 
2267	85 
2268	56 
2269	96 
2270	66 
2271	14 
2272	38 
2273	63 
2274	92 
2275	38 
2276	6 
2277	102 
2278	88 
2279	83 
2280	15 
2281	53 
2282	97 
2283	16 
2284	102 
2285	57 
2286	80 
2287	71 
2288	57 
2289	85 
2290	33 
2291	43 
2292	65 
2293	57 
2294	51 
2295	32 
2296	63 
2297	30 
2298	62 
2299	1 
2300	60 
2301	5 
2302	23 
2303	36 
2304	34 
2305	7 
2306	19 
2307	89 
2308	71 
2309	45 
2310	98 
2311	77 
2312	17 
2313	6 
2314	70 
2315	103 
2316	40 
2317	80 
2318	93 
2319	62 
2320	79 
2321	52 
2322	64 
2323	88 
2324	54 
2325	53 
2326	19 
2327	50 
2328	54 
2329	46 
2330	80 
2331	80 
2332	84 
2333	56 
2334	96 
2335	79 
2336	13 
2337	68 
2338	64 
2339	34 
2340	99 
2341	59 
2342	23 
2343	35 
2344	80 
2345	49 
2346	41 
2347	22 
2348	71 
2349	53 
2350	21 
2351	85 
2352	84 
2353	89 
2354	53 
2355	34 
2356	37 
2357	103 
2358	28 
2359	61 
2360	38 
2361	16 
2362	44 
2363	104 
2364	41 
2365	71 
2366	69 
2367	41 
2368	13 
2369	51 
2370	15 
2371	75 
2372	49 
2373	21 
2374	46 
2375	78 
2376	18 
2377	27 
2378	89 
2379	44 
2380	91 
2381	16 
2382	15 
2383	91 
2384	43 
2385	103 
2386	34 
2387	31 
2388	71 
2389	15 
2390	38 
2391	94 
2392	55 
2393	32 
2394	72 
2395	61 
2396	77 
2397	53 
2398	79 
2399	33 
2400	19 
2401	90 
2402	57 
2403	55 
2404	82 
2405	72 
2406	53 
2407	66 
2408	45 
2409	104 
2410	31 
2411	14 
2412	104 
2413	75 
2414	44 
2415	19 
2416	21 
2417	86 
2418	58 
2419	21 
2420	75 
2421	100 
2422	102 
2423	100 
2424	19 
2425	47 
2426	18 
2427	67 
2428	15 
2429	49 
2430	46 
2431	40 
2432	72 
2433	80 
2434	80 
2435	13 
2436	8 
2437	83 
2438	3 
2439	60 
2440	89 
2441	102 
2442	15 
2443	55 
2444	46 
2445	45 
2446	97 
2447	46 
2448	31 
2449	50 
2450	44 
2451	36 
2452	25 
2453	53 
2454	50 
2455	30 
2456	70 
2457	11 
2458	60 
2459	38 
2460	46 
2461	31 
2462	64 
2463	63 
2464	79 
2465	67 
2466	19 
2467	72 
2468	84 
2469	29 
2470	41 
2471	35 
2472	19 
2473	64 
2474	47 
2475	32 
2476	15 
2477	98 
2478	78 
2479	51 
2480	101 
2481	45 
2482	97 
2483	30 
2484	104 
2485	34 
2486	49 
2487	84 
2488	17 
2489	61 
2490	76 
2491	58 
2492	4 
2493	98 
2494	34 
2495	103 
2496	24 
2497	14 
2498	84 
2499	7 
2500	99 
2501	38 
2502	58 
2503	90 
2504	76 
2505	53 
2506	104 
2507	29 
2508	53 
2509	13 
2510	12 
2511	70 
2512	29 
2513	33 
2514	31 
2515	22 
2516	8 
2517	70 
2518	15 
2519	53 
2520	31 
2521	81 
2522	41 
2523	42 
2524	21 
2525	89 
2526	13 
2527	54 
2528	35 
2529	101 
2530	47 
2531	80 
2532	83 
2533	27 
2534	63 
2535	2 
2536	84 
2537	70 
2538	19 
2539	101 
2540	57 
2541	93 
2542	53 
2543	14 
2544	87 
2545	5 
2546	31 
2547	64 
2548	101 
2549	9 
2550	80 
2551	64 
2552	103 
2553	19 
2554	66 
2555	82 
2556	18 
2557	85 
2558	65 
2559	43 
2560	53 
2561	84 
2562	49 
2563	6 
2564	69 
2565	100 
2566	75 
2567	14 
2568	55 
2569	99 
2570	49 
2571	25 
2572	45 
2573	92 
2574	32 
2575	86 
2576	58 
2577	32 
2578	38 
2579	76 
2580	79 
2581	6 
2582	23 
2583	68 
2584	50 
2585	85 
2586	71 
2587	98 
2588	89 
2589	29 
2590	43 
2591	10 
2592	1 
2593	56 
2594	84 
2595	42 
2596	38 
2597	85 
2598	22 
2599	85 
2600	90 
2601	60 
2602	57 
2603	68 
2604	30 
2605	69 
2606	78 
2607	56 
2608	30 
2609	36 
2610	84 
2611	66 
2612	11 
2613	1 
2614	84 
2615	1 
2616	90 
2617	41 
2618	45 
2619	13 
2620	45 
2621	23 
2622	30 
2623	44 
2624	46 
2625	71 
2626	45 
2627	19 
2628	17 
2629	24 
2630	51 
2631	73 
2632	41 
2633	89 
2634	2 
2635	45 
2636	14 
2637	44 
2638	52 
2639	72 
2640	20 
2641	30 
2642	86 
2643	71 
2644	86 
2645	80 
2646	50 
2647	49 
2648	69 
2649	45 
2650	38 
2651	33 
2652	60 
2653	93 
2654	101 
2655	69 
2656	56 
2657	90 
2658	1 
2659	12 
2660	5 
2661	53 
2662	49 
2663	21 
2664	1 
2665	79 
2666	16 
2667	30 
2668	17 
2669	30 
2670	31 
2671	32 
2672	70 
2673	73 
2674	92 
2675	92 
2676	81 
2677	71 
2678	66 
2679	80 
2680	30 
2681	47 
2682	6 
2683	6 
2684	83 
2685	15 
2686	88 
2687	53 
2688	81 
2689	35 
2690	38 
2691	83 
2692	79 
2693	46 
2694	9 
2695	72 
2696	19 
2697	95 
2698	14 
2699	66 
2700	21 
2701	98 
2702	18 
2703	21 
2704	86 
2705	57 
2706	72 
2707	26 
2708	48 
2709	47 
2710	2 
2711	1 
2712	82 
2713	38 
2714	64 
2715	91 
2716	69 
2717	88 
2718	22 
2719	56 
2720	89 
2721	72 
2722	52 
2723	88 
2724	101 
2725	33 
2726	5 
2727	80 
2728	40 
2729	16 
2730	99 
2731	11 
2732	15 
2733	14 
2734	48 
2735	59 
2736	45 
2737	28 
2738	78 
2739	61 
2740	10 
2741	104 
2742	100 
2743	47 
2744	86 
2745	86 
2746	64 
2747	28 
2748	37 
2749	32 
2750	15 
2751	98 
2752	101 
2753	5 
2754	47 
2755	94 
2756	82 
2757	50 
2758	14 
2759	32 
2760	84 
2761	82 
2762	98 
2763	89 
2764	11 
2765	68 
2766	63 
2767	83 
2768	63 
2769	85 
2770	71 
2771	90 
2772	5 
2773	38 
2774	66 
2775	6 
2776	81 
2777	9 
2778	56 
2779	69 
2780	35 
2781	63 
2782	46 
2783	88 
2784	102 
2785	35 
2786	9 
2787	96 
2788	53 
2789	15 
2790	80 
2791	52 
2792	79 
2793	41 
2794	78 
2795	21 
2796	67 
2797	28 
2798	15 
2799	56 
2800	100 
2801	21 
2802	45 
2803	17 
2804	81 
2805	79 
2806	38 
2807	76 
2808	82 
2809	98 
2810	55 
2811	55 
2812	103 
2813	89 
2814	55 
2815	30 
2816	16 
2817	50 
2818	12 
2819	98 
2820	59 
2821	79 
2822	16 
2823	43 
2824	62 
2825	31 
2826	72 
2827	59 
2828	40 
2829	11 
2830	18 
2831	19 
2832	17 
2833	40 
2834	56 
2835	81 
2836	63 
2837	72 
2838	31 
2839	61 
2840	70 
2841	65 
2842	46 
2843	15 
2844	87 
2845	44 
2846	80 
2847	69 
2848	65 
2849	102 
2850	90 
2851	86 
2852	35 
2853	13 
2854	15 
2855	49 
2856	102 
2857	45 
2858	31 
2859	65 
2860	51 
2861	98 
2862	92 
2863	85 
2864	28 
2865	14 
2866	91 
2867	30 
2868	13 
2869	9 
2870	83 
2871	30 
2872	102 
2873	26 
2874	61 
2875	76 
2876	14 
2877	97 
2878	64 
2879	56 
2880	31 
2881	57 
2882	28 
2883	58 
2884	63 
2885	83 
2886	56 
2887	45 
2888	38 
2889	28 
2890	15 
2891	62 
2892	52 
2893	88 
2894	71 
2895	11 
2896	93 
2897	45 
2898	41 
2899	84 
2900	83 
2901	40 
2902	65 
2903	25 
2904	24 
2905	55 
2906	72 
2907	41 
2908	21 
2909	19 
2910	46 
2911	96 
2912	7 
2913	36 
2914	72 
2915	61 
2916	14 
2917	98 
2918	91 
2919	75 
2920	9 
2921	43 
2922	53 
2923	30 
2924	44 
2925	9 
2926	74 
2927	72 
2928	21 
2929	14 
2930	83 
2931	83 
2932	55 
2933	19 
2934	45 
2935	64 
2936	92 
2937	7 
2938	37 
2939	66 
2940	76 
2941	69 
2942	30 
2943	36 
2944	45 
2945	11 
2946	52 
2947	48 
2948	64 
2949	38 
2950	60 
2951	82 
2952	58 
2953	41 
2954	76 
2955	2 
2956	69 
2957	15 
2958	80 
2959	28 
2960	53 
2961	104 
2962	52 
2963	34 
2964	7 
2965	72 
2966	101 
2967	43 
2968	46 
2969	92 
2970	88 
2971	25 
2972	58 
2973	53 
2974	41 
2975	55 
2976	70 
2977	37 
2978	72 
2979	74 
2980	102 
2981	86 
2982	50 
2983	60 
2984	31 
2985	84 
2986	13 
2987	71 
2988	45 
2989	60 
2990	41 
2991	58 
2992	90 
2993	45 
2994	76 
2995	90 
2996	46 
2997	56 
2998	21 
2999	13 
3000	83 
3001	37 
3002	54 
3003	69 
3004	34 
3005	41 
3006	9 
3007	74 
3008	28 
3009	38 
3010	94 
3011	22 
3012	11 
3013	19 
3014	89 
3015	36 
3016	63 
3017	73 
3018	3 
3019	11 
3020	28 
3021	102 
3022	59 
3023	84 
3024	61 
3025	84 
3026	61 
3027	62 
3028	15 
3029	50 
3030	90 
3031	14 
3032	80 
3033	38 
3034	46 
3035	40 
3036	21 
3037	32 
3038	13 
3039	88 
3040	3 
3041	52 
3042	17 
3043	35 
3044	65 
3045	27 
3046	50 
3047	34 
3048	60 
3049	18 
3050	23 
3051	80 
3052	41 
3053	92 
3054	7 
3055	37 
3056	38 
3057	50 
3058	44 
3059	8 
3060	46 
3061	30 
3062	45 
3063	83 
3064	30 
3065	19 
3066	18 
3067	73 
3068	99 
3069	96 
3070	21 
3071	18 
3072	24 
3073	45 
3074	21 
3075	90 
3076	84 
3077	82 
3078	51 
3079	64 
3080	60 
3081	78 
3082	59 
3083	21 
3084	13 
3085	52 
3086	52 
3087	85 
3088	16 
3089	38 
3090	5 
3091	67 
3092	37 
3093	34 
3094	56 
3095	39 
3096	103 
3097	45 
3098	56 
3099	53 
3100	27 
3101	79 
3102	2 
3103	66 
3104	33 
3105	92 
3106	45 
3107	43 
3108	7 
3109	93 
3110	46 
3111	41 
3112	27 
3113	100 
3114	85 
3115	24 
3116	50 
3117	56 
3118	29 
3119	73 
3120	33 
3121	17 
3122	102 
3123	84 
3124	102 
3125	39 
3126	32 
3127	43 
3128	22 
3129	25 
3130	20 
3131	104 
3132	67 
3133	58 
3134	48 
3135	83 
3136	41 
3137	21 
3138	101 
3139	66 
3140	33 
3141	31 
3142	66 
3143	60 
3144	69 
3145	56 
3146	38 
3147	2 
3148	57 
3149	17 
3150	10 
3151	85 
3152	5 
3153	46 
3154	51 
3155	50 
3156	50 
3157	103 
3158	61 
3159	98 
3160	82 
3161	11 
3162	86 
3163	96 
3164	94 
3165	71 
3166	24 
3167	58 
3168	79 
3169	30 
3170	64 
3171	100 
3172	71 
3173	13 
3174	48 
3175	21 
3176	11 
3177	66 
3178	80 
3179	6 
3180	23 
3181	38 
3182	98 
3183	13 
3184	56 
3185	31 
3186	88 
3187	14 
3188	19 
3189	49 
3190	53 
3191	100 
3192	55 
3193	75 
3194	26 
3195	88 
3196	1 
3197	3 
3198	72 
3199	17 
3200	64 
3201	15 
3202	47 
3203	53 
3204	33 
3205	102 
3206	85 
3207	35 
3208	64 
3209	96 
3210	4 
3211	89 
3212	56 
3213	60 
3214	2 
3215	59 
3216	100 
3217	16 
3218	43 
3219	29 
3220	31 
3221	94 
3222	19 
3223	7 
3224	31 
3225	102 
3226	83 
3227	75 
3228	46 
3229	13 
3230	6 
3231	44 
3232	44 
3233	66 
3234	25 
3235	92 
3236	79 
3237	88 
3238	42 
3239	97 
3240	80 
3241	27 
3242	101 
3243	14 
3244	45 
3245	55 
3246	30 
3247	18 
3248	57 
3249	4 
3250	13 
3251	71 
3252	14 
3253	21 
3254	56 
3255	28 
3256	19 
3257	83 
3258	32 
3259	44 
3260	56 
3261	71 
3262	58 
3263	84 
3264	43 
3265	95 
3266	40 
3267	31 
3268	36 
3269	33 
3270	45 
3271	85 
3272	17 
3273	64 
3274	101 
3275	37 
3276	90 
3277	65 
3278	35 
3279	103 
3280	21 
3281	93 
3282	33 
3283	103 
3284	38 
3285	35 
3286	84 
3287	2 
3288	5 
3289	13 
3290	15 
3291	84 
3292	69 
3293	104 
3294	55 
3295	100 
3296	11 
3297	55 
3298	69 
3299	39 
3300	31 
3301	98 
3302	45 
3303	60 
3304	17 
3305	87 
3306	90 
3307	103 
3308	68 
3309	13 
3310	55 
3311	91 
3312	48 
3313	6 
3314	66 
3315	62 
3316	85 
3317	11 
3318	63 
3319	15 
3320	39 
3321	61 
3322	31 
3323	49 
3324	56 
3325	90 
3326	88 
3327	88 
3328	79 
3329	19 
3330	66 
3331	17 
3332	68 
3333	84 
3334	103 
3335	41 
3336	46 
3337	21 
3338	38 
3339	58 
3340	25 
3341	30 
3342	64 
3343	33 
3344	42 
3345	53 
3346	69 
3347	49 
3348	80 
3349	46 
3350	43 
3351	30 
3352	80 
3353	57 
3354	16 
3355	103 
3356	58 
3357	38 
3358	32 
3359	66 
3360	84 
3361	31 
3362	14 
3363	17 
3364	56 
3365	53 
3366	22 
3367	39 
3368	43 
3369	88 
3370	34 
3371	79 
3372	88 
3373	43 
3374	22 
3375	37 
3376	79 
3377	69 
3378	49 
3379	19 
3380	14 
3381	28 
3382	21 
3383	30 
3384	82 
3385	67 
3386	77 
3387	79 
3388	19 
3389	104 
3390	48 
3391	43 
3392	64 
3393	45 
3394	55 
3395	15 
3396	30 
3397	13 
3398	82 
3399	90 
3400	34 
3401	61 
3402	71 
3403	74 
3404	59 
3405	21 
3406	85 
3407	65 
3408	45 
3409	35 
3410	85 
3411	49 
3412	78 
3413	76 
3414	103 
3415	18 
3416	44 
3417	56 
3418	23 
3419	84 
3420	44 
3421	59 
3422	71 
3423	33 
3424	15 
3425	71 
3426	59 
3427	47 
3428	28 
3429	81 
3430	2 
3431	27 
3432	53 
3433	90 
3434	48 
3435	49 
3436	41 
3437	12 
3438	84 
3439	53 
3440	81 
3441	51 
3442	39 
3443	63 
3444	15 
3445	59 
3446	94 
3447	95 
3448	28 
3449	34 
3450	89 
3451	7 
3452	71 
3453	15 
3454	84 
3455	58 
3456	74 
3457	47 
3458	15 
3459	72 
3460	18 
3461	104 
3462	77 
3463	61 
3464	61 
3465	46 
3466	13 
3467	19 
3468	66 
3469	76 
3470	43 
3471	56 
3472	28 
3473	11 
3474	56 
3475	57 
3476	3 
3477	75 
3478	49 
3479	27 
3480	15 
3481	5 
3482	28 
3483	69 
3484	6 
3485	8 
3486	16 
3487	19 
3488	30 
3489	20 
3490	73 
3491	79 
3492	53 
3493	48 
3494	84 
3495	45 
3496	104 
3497	55 
3498	85 
3499	30 
3500	56 
3501	64 
3502	43 
3503	64 
3504	91 
3505	26 
3506	59 
3507	23 
3508	83 
3509	49 
3510	97 
3511	61 
3512	6 
3513	74 
3514	46 
3515	85 
3516	88 
3517	43 
3518	56 
3519	46 
3520	87 
3521	100 
3522	71 
3523	72 
3524	30 
3525	95 
3526	11 
3527	60 
3528	38 
3529	65 
3530	65 
3531	96 
3532	12 
3533	64 
3534	71 
3535	60 
3536	89 
3537	32 
3538	104 
3539	102 
3540	69 
3541	74 
3542	34 
3543	50 
3544	38 
3545	7 
3546	50 
3547	56 
3548	78 
3549	43 
3550	89 
3551	104 
3552	16 
3553	15 
3554	9 
3555	38 
3556	54 
3557	15 
3558	75 
3559	37 
3560	6 
3561	38 
3562	71 
3563	58 
3564	101 
3565	34 
3566	56 
3567	55 
3568	103 
3569	48 
3570	10 
3571	45 
3572	27 
3573	72 
3574	28 
3575	58 
3576	38 
3577	88 
3578	8 
3579	74 
3580	74 
3581	15 
3582	28 
3583	84 
3584	55 
3585	10 
3586	64 
3587	54 
3588	104 
3589	28 
3590	2 
3591	53 
3592	56 
3593	9 
3594	75 
3595	11 
3596	90 
3597	31 
3598	52 
3599	21 
3600	79 
3601	30 
3602	32 
3603	84 
3604	35 
3605	67 
3606	61 
3607	93 
3608	21 
3609	84 
3610	94 
3611	53 
3612	102 
3613	98 
3614	32 
3615	104 
3616	64 
3617	71 
3618	61 
3619	21 
3620	55 
3621	66 
3622	95 
3623	30 
3624	7 
3625	80 
3626	44 
3627	16 
3628	2 
3629	104 
3630	95 
3631	30 
3632	85 
3633	71 
3634	53 
3635	38 
3636	100 
3637	93 
3638	66 
3639	44 
3640	97 
3641	32 
3642	6 
3643	2 
3644	15 
3645	21 
3646	33 
3647	46 
3648	84 
3649	80 
3650	81 
3651	44 
3652	80 
3653	45 
3654	45 
3655	85 
3656	74 
3657	69 
3658	92 
3659	84 
3660	15 
3661	69 
3662	15 
3663	55 
3664	58 
3665	83 
3666	9 
3667	5 
3668	36 
3669	90 
3670	80 
3671	50 
3672	44 
3673	91 
3674	76 
3675	65 
3676	63 
3677	80 
3678	21 
3679	18 
3680	16 
3681	71 
3682	45 
3683	85 
3684	101 
3685	62 
3686	53 
3687	103 
3688	31 
3689	31 
3690	21 
3691	31 
3692	46 
3693	13 
3694	55 
3695	56 
3696	55 
3697	64 
3698	58 
3699	55 
3700	80 
3701	61 
3702	22 
3703	74 
3704	55 
3705	14 
3706	37 
3707	13 
3708	43 
3709	51 
3710	87 
3711	31 
3712	50 
3713	99 
3714	34 
3715	77 
3716	69 
3717	82 
3718	46 
3719	6 
3720	69 
3721	41 
3722	10 
3723	4 
3724	72 
3725	56 
3726	53 
3727	6 
3728	40 
3729	71 
3730	13 
3731	69 
3732	47 
3733	5 
3734	80 
3735	82 
3736	93 
3737	5 
3738	64 
3739	99 
3740	56 
3741	82 
3742	65 
3743	80 
3744	43 
3745	19 
3746	49 
3747	25 
3748	63 
3749	2 
3750	38 
3751	55 
3752	81 
3753	74 
3754	88 
3755	53 
3756	4 
3757	82 
3758	15 
3759	80 
3760	28 
3761	55 
3762	53 
3763	35 
3764	56 
3765	94 
3766	91 
3767	18 
3768	64 
3769	16 
3770	28 
3771	69 
3772	12 
3773	12 
3774	49 
3775	97 
3776	51 
3777	101 
3778	17 
3779	45 
3780	33 
3781	55 
3782	5 
3783	86 
3784	23 
3785	21 
3786	34 
3787	81 
3788	14 
3789	31 
3790	31 
3791	20 
3792	91 
3793	84 
3794	37 
3795	99 
3796	73 
3797	43 
3798	54 
3799	43 
3800	43 
3801	77 
3802	28 
3803	85 
3804	18 
3805	60 
3806	1 
3807	14 
3808	40 
3809	85 
3810	45 
3811	103 
3812	88 
3813	56 
3814	15 
3815	19 
3816	7 
3817	53 
3818	8 
3819	35 
3820	55 
3821	48 
3822	67 
3823	3 
3824	26 
3825	69 
3826	84 
3827	71 
3828	2 
3829	98 
3830	9 
3831	50 
3832	101 
3833	49 
3834	89 
3835	45 
3836	69 
3837	38 
3838	31 
3839	39 
3840	55 
3841	26 
3842	15 
3843	67 
3844	81 
3845	82 
3846	18 
3847	93 
3848	66 
3849	99 
3850	69 
3851	52 
3852	15 
3853	97 
3854	104 
3855	73 
3856	13 
3857	4 
3858	1 
3859	83 
3860	95 
3861	91 
3862	15 
3863	30 
3864	17 
3865	56 
3866	83 
3867	98 
3868	57 
3869	89 
3870	66 
3871	30 
3872	34 
3873	33 
3874	22 
3875	56 
3876	44 
3877	79 
3878	2 
3879	102 
3880	11 
3881	24 
3882	41 
3883	67 
3884	26 
3885	56 
3886	23 
3887	38 
3888	23 
3889	51 
3890	2 
3891	43 
3892	17 
3893	35 
3894	14 
3895	37 
3896	32 
3897	44 
3898	1 
3899	95 
3900	78 
3901	13 
3902	64 
3903	54 
3904	19 
3905	16 
3906	58 
3907	32 
3908	30 
3909	66 
3910	69 
3911	1 
3912	103 
3913	74 
3914	31 
3915	20 
3916	83 
3917	15 
3918	79 
3919	31 
3920	43 
3921	72 
3922	21 
3923	7 
3924	53 
3925	38 
3926	78 
3927	19 
3928	53 
3929	82 
3930	73 
3931	80 
3932	7 
3933	82 
3934	22 
3935	61 
3936	90 
3937	48 
3938	103 
3939	31 
3940	89 
3941	75 
3942	53 
3943	102 
3944	51 
3945	6 
3946	30 
3947	3 
3948	80 
3949	51 
3950	63 
3951	53 
3952	30 
3953	70 
3954	45 
3955	97 
3956	91 
3957	84 
3958	99 
3959	53 
3960	59 
3961	21 
3962	35 
3963	102 
3964	15 
3965	84 
3966	89 
3967	44 
3968	88 
3969	9 
3970	87 
3971	2 
3972	25 
3973	102 
3974	69 
3975	41 
3976	99 
3977	19 
3978	33 
3979	15 
3980	15 
3981	90 
3982	46 
3983	46 
3984	8 
3985	46 
3986	8 
3987	53 
3988	44 
3989	103 
3990	79 
3991	15 
3992	42 
3993	7 
3994	67 
3995	8 
3996	104 
3997	92 
3998	46 
3999	19 
4000	56 
4001	102 
4002	64 
4003	31 
4004	60 
4005	34 
4006	17 
4007	71 
4008	78 
4009	101 
4010	99 
4011	41 
4012	19 
4013	69 
4014	30 
4015	7 
4016	4 
4017	45 
4018	83 
4019	29 
4020	95 
4021	84 
4022	32 
4023	101 
4024	18 
4025	55 
4026	58 
4027	94 
4028	94 
4029	39 
4030	84 
4031	103 
4032	43 
4033	64 
4034	76 
4035	102 
4036	85 
4037	17 
4038	30 
4039	38 
4040	60 
4041	49 
4042	53 
4043	14 
4044	92 
4045	74 
4046	31 
4047	17 
4048	74 
4049	27 
4050	21 
4051	72 
4052	89 
4053	71 
4054	103 
4055	21 
4056	80 
4057	34 
4058	72 
4059	11 
4060	10 
4061	34 
4062	87 
4063	60 
4064	28 
4065	61 
4066	54 
4067	91 
4068	60 
4069	71 
4070	49 
4071	51 
4072	81 
4073	74 
4074	14 
4075	53 
4076	16 
4077	75 
4078	102 
4079	33 
4080	45 
4081	13 
4082	102 
4083	34 
4084	93 
4085	59 
4086	65 
4087	73 
4088	36 
4089	45 
4090	84 
4091	38 
4092	23 
4093	35 
4094	53 
4095	45 
4096	71 
4097	17 
4098	57 
4099	23 
4100	41 
4101	94 
4102	33 
4103	77 
4104	59 
4105	67 
4106	43 
4107	74 
4108	29 
4109	14 
4110	38 
4111	92 
4112	3 
4113	85 
4114	50 
4115	31 
4116	69 
4117	80 
4118	61 
4119	53 
4120	45 
4121	43 
4122	36 
4123	41 
4124	18 
4125	70 
4126	91 
4127	49 
4128	81 
4129	36 
4130	32 
4131	55 
4132	56 
4133	9 
4134	80 
4135	97 
4136	26 
4137	58 
4138	66 
4139	61 
4140	2 
4141	36 
4142	50 
4143	83 
4144	7 
4145	17 
4146	77 
4147	85 
4148	38 
4149	58 
4150	5 
4151	49 
4152	40 
4153	29 
4154	15 
4155	82 
4156	18 
4157	15 
4158	53 
4159	72 
4160	41 
4161	88 
4162	84 
4163	15 
4164	15 
4165	47 
4166	8 
4167	33 
4168	15 
4169	33 
4170	64 
4171	13 
4172	57 
4173	24 
4174	44 
4175	21 
4176	52 
4177	78 
4178	41 
4179	57 
4180	49 
4181	53 
4182	86 
4183	31 
4184	2 
4185	45 
4186	66 
4187	84 
4188	4 
4189	2 
4190	53 
4191	46 
4192	89 
4193	45 
4194	3 
4195	15 
4196	10 
4197	53 
4198	13 
4199	34 
4200	72 
4201	1 
4202	49 
4203	44 
4204	53 
4205	68 
4206	61 
4207	45 
4208	7 
4209	87 
4210	11 
4211	46 
4212	85 
4213	90 
4214	4 
4215	19 
4216	17 
4217	90 
4218	27 
4219	61 
4220	62 
4221	60 
4222	54 
4223	53 
4224	14 
4225	16 
4226	43 
4227	33 
4228	35 
4229	11 
4230	99 
4231	63 
4232	5 
4233	50 
4234	58 
4235	98 
4236	46 
4237	100 
4238	7 
4239	88 
4240	95 
4241	67 
4242	60 
4243	28 
4244	22 
4245	8 
4246	17 
4247	52 
4248	58 
4249	103 
4250	66 
4251	83 
4252	34 
4253	85 
4254	39 
4255	102 
4256	31 
4257	90 
4258	50 
4259	56 
4260	39 
4261	55 
4262	61 
4263	55 
4264	11 
4265	60 
4266	27 
4267	49 
4268	3 
4269	103 
4270	74 
4271	57 
4272	5 
4273	46 
4274	37 
4275	43 
4276	81 
4277	10 
4278	58 
4279	80 
4280	29 
4281	88 
4282	15 
4283	31 
4284	19 
4285	55 
4286	3 
4287	85 
4288	38 
4289	77 
4290	69 
4291	42 
4292	25 
4293	24 
4294	47 
4295	61 
4296	103 
4297	84 
4298	70 
4299	53 
4300	62 
4301	19 
4302	90 
4303	8 
4304	56 
4305	62 
4306	62 
4307	53 
4308	82 
4309	27 
4310	78 
4311	71 
4312	89 
4313	69 
4314	20 
4315	60 
4316	59 
4317	45 
4318	13 
4319	101 
4320	32 
4321	75 
4322	13 
4323	104 
4324	14 
4325	67 
4326	76 
4327	16 
4328	102 
4329	46 
4330	56 
4331	5 
4332	64 
4333	58 
4334	89 
4335	97 
4336	103 
4337	84 
4338	16 
4339	48 
4340	102 
4341	21 
4342	54 
4343	67 
4344	34 
4345	52 
4346	97 
4347	53 
4348	25 
4349	31 
4350	16 
4351	23 
4352	41 
4353	84 
4354	96 
4355	46 
4356	14 
4357	21 
4358	71 
4359	8 
4360	15 
4361	85 
4362	71 
4363	92 
4364	81 
4365	21 
4366	12 
4367	15 
4368	85 
4369	104 
4370	69 
4371	30 
4372	57 
4373	5 
4374	102 
4375	103 
4376	60 
4377	62 
4378	17 
4379	15 
4380	90 
4381	83 
4382	35 
4383	38 
4384	67 
4385	88 
4386	31 
4387	86 
4388	103 
4389	34 
4390	46 
4391	90 
4392	61 
4393	51 
4394	19 
4395	15 
4396	41 
4397	19 
4398	55 
4399	31 
4400	34 
4401	55 
4402	61 
4403	85 
4404	85 
4405	90 
4406	46 
4407	46 
4408	96 
4409	32 
4410	90 
4411	50 
4412	89 
4413	21 
4414	95 
4415	5 
4416	55 
4417	45 
4418	19 
4419	98 
4420	45 
4421	18 
4422	50 
4423	27 
4424	84 
4425	61 
4426	10 
4427	15 
4428	20 
4429	79 
4430	38 
4431	68 
4432	35 
4433	20 
4434	61 
4435	30 
4436	71 
4437	17 
4438	59 
4439	15 
4440	56 
4441	49 
4442	57 
4443	86 
4444	84 
4445	13 
4446	84 
4447	30 
4448	16 
4449	50 
4450	34 
4451	100 
4452	12 
4453	37 
4454	31 
4455	38 
4456	29 
4457	63 
4458	45 
4459	16 
4460	30 
4461	80 
4462	50 
4463	90 
4464	83 
4465	45 
4466	87 
4467	72 
4468	82 
4469	76 
4470	55 
4471	53 
4472	84 
4473	56 
4474	17 
4475	14 
4476	58 
4477	13 
4478	41 
4479	87 
4480	22 
4481	93 
4482	88 
4483	60 
4484	90 
4485	42 
4486	104 
4487	89 
4488	30 
4489	45 
4490	85 
4491	80 
4492	45 
4493	21 
4494	10 
4495	66 
4496	38 
4497	6 
4498	72 
4499	21 
4500	66 
4501	76 
4502	36 
4503	31 
4504	39 
4505	31 
4506	55 
4507	60 
4508	74 
4509	21 
4510	55 
4511	62 
4512	87 
4513	58 
4514	50 
4515	35 
4516	30 
4517	26 
4518	5 
4519	2 
4520	101 
4521	21 
4522	46 
4523	55 
4524	66 
4525	17 
4526	85 
4527	59 
4528	21 
4529	68 
4530	21 
4531	26 
4532	82 
4533	43 
4534	73 
4535	77 
4536	62 
4537	50 
4538	9 
4539	61 
4540	15 
4541	61 
4542	87 
4543	66 
4544	11 
4545	31 
4546	76 
4547	4 
4548	69 
4549	82 
4550	71 
4551	86 
4552	96 
4553	51 
4554	17 
4555	80 
4556	61 
4557	95 
4558	50 
4559	84 
4560	62 
4561	69 
4562	88 
4563	97 
4564	95 
4565	51 
4566	71 
4567	38 
4568	12 
4569	78 
4570	55 
4571	19 
4572	54 
4573	68 
4574	41 
4575	50 
4576	31 
4577	54 
4578	43 
4579	14 
4580	41 
4581	89 
4582	75 
4583	49 
4584	63 
4585	16 
4586	44 
4587	30 
4588	77 
4589	102 
4590	89 
4591	53 
4592	84 
4593	46 
4594	26 
4595	92 
4596	38 
4597	58 
4598	56 
4599	58 
4600	1 
4601	16 
4602	21 
4603	74 
4604	71 
4605	43 
4606	47 
4607	28 
4608	46 
4609	21 
4610	16 
4611	61 
4612	23 
4613	83 
4614	7 
4615	78 
4616	88 
4617	41 
4618	15 
4619	64 
4620	71 
4621	34 
4622	44 
4623	11 
4624	41 
4625	67 
4626	26 
4627	56 
4628	55 
4629	76 
4630	35 
4631	72 
4632	33 
4633	17 
4634	43 
4635	7 
4636	46 
4637	82 
4638	53 
4639	85 
4640	82 
4641	71 
4642	63 
4643	4 
4644	70 
4645	52 
4646	75 
4647	88 
4648	83 
4649	67 
4650	41 
4651	52 
4652	82 
4653	21 
4654	63 
4655	15 
4656	75 
4657	101 
4658	82 
4659	7 
4660	80 
4661	13 
4662	92 
4663	41 
4664	73 
4665	43 
4666	72 
4667	2 
4668	45 
4669	4 
4670	11 
4671	57 
4672	3 
4673	71 
4674	2 
4675	72 
4676	85 
4677	21 
4678	55 
4679	31 
4680	19 
4681	34 
4682	62 
4683	69 
4684	19 
4685	69 
4686	76 
4687	82 
4688	48 
4689	1 
4690	11 
4691	31 
4692	11 
4693	45 
4694	16 
4695	51 
4696	13 
4697	86 
4698	4 
4699	11 
4700	45 
4701	3 
4702	89 
4703	18 
4704	34 
4705	90 
4706	61 
4707	15 
4708	85 
4709	1 
4710	63 
4711	19 
4712	90 
4713	46 
4714	92 
4715	60 
4716	50 
4717	54 
4718	18 
4719	19 
4720	103 
4721	19 
4722	38 
4723	13 
4724	81 
4725	80 
4726	67 
4727	8 
4728	87 
4729	15 
4730	46 
4731	83 
4732	48 
4733	102 
4734	59 
4735	71 
4736	9 
4737	81 
4738	9 
4739	1 
4740	14 
4741	74 
4742	75 
4743	102 
4744	63 
4745	4 
4746	45 
4747	61 
4748	103 
4749	83 
4750	41 
4751	33 
4752	61 
4753	46 
4754	57 
4755	30 
4756	7 
4757	67 
4758	85 
4759	13 
4760	2 
4761	79 
4762	17 
4763	34 
4764	11 
4765	89 
4766	34 
4767	66 
4768	32 
4769	64 
4770	19 
4771	45 
4772	21 
4773	54 
4774	80 
4775	53 
4776	35 
4777	52 
4778	23 
4779	37 
4780	85 
4781	21 
4782	54 
4783	83 
4784	15 
4785	61 
4786	58 
4787	82 
4788	46 
4789	59 
4790	84 
4791	21 
4792	46 
4793	61 
4794	60 
4795	16 
4796	35 
4797	98 
4798	85 
4799	53 
4800	79 
4801	30 
4802	32 
4803	68 
4804	49 
4805	60 
4806	53 
4807	17 
4808	75 
4809	21 
4810	91 
4811	15 
4812	7 
4813	64 
4814	92 
4815	2 
4816	69 
4817	53 
4818	66 
4819	35 
4820	104 
4821	41 
4822	71 
4823	21 
4824	98 
4825	57 
4826	71 
4827	85 
4828	90 
4829	67 
4830	31 
4831	28 
4832	103 
4833	41 
4834	3 
4835	59 
4836	67 
4837	51 
4838	34 
4839	34 
4840	88 
4841	64 
4842	84 
4843	76 
4844	56 
4845	50 
4846	7 
4847	75 
4848	8 
4849	103 
4850	83 
4851	88 
4852	75 
4853	37 
4854	59 
4855	19 
4856	5 
4857	85 
4858	83 
4859	9 
4860	71 
4861	63 
4862	38 
4863	55 
4864	17 
4865	76 
4866	60 
4867	93 
4868	28 
4869	56 
4870	76 
4871	97 
4872	50 
4873	41 
4874	75 
4875	58 
4876	58 
4877	80 
4878	62 
4879	50 
4880	84 
4881	6 
4882	102 
4883	6 
4884	17 
4885	66 
4886	84 
4887	63 
4888	84 
4889	72 
4890	3 
4891	48 
4892	38 
4893	101 
4894	39 
4895	3 
4896	66 
4897	62 
4898	28 
4899	38 
4900	45 
4901	81 
4902	97 
4903	103 
4904	102 
4905	93 
4906	55 
4907	103 
4908	33 
4909	23 
4910	79 
4911	9 
4912	71 
4913	6 
4914	58 
4915	34 
4916	88 
4917	80 
4918	50 
4919	89 
4920	103 
4921	50 
4922	72 
4923	21 
4924	80 
4925	71 
4926	81 
4927	50 
4928	34 
4929	62 
4930	82 
4931	53 
4932	51 
4933	83 
4934	55 
4935	66 
4936	16 
4937	60 
4938	93 
4939	80 
4940	85 
4941	78 
4942	6 
4943	102 
4944	84 
4945	3 
4946	53 
4947	19 
4948	2 
4949	82 
4950	45 
4951	15 
4952	5 
4953	51 
4954	57 
4955	15 
4956	82 
4957	103 
4958	69 
4959	5 
4960	17 
4961	104 
4962	49 
4963	53 
4964	14 
4965	52 
4966	91 
4967	101 
4968	63 
4969	32 
4970	31 
4971	7 
4972	66 
4973	16 
4974	93 
4975	21 
4976	75 
4977	7 
4978	34 
4979	64 
4980	15 
4981	30 
4982	57 
4983	66 
4984	83 
4985	64 
4986	17 
4987	17 
4988	82 
4989	83 
4990	32 
4991	58 
4992	34 
4993	66 
4994	90 
4995	31 
4996	101 
4997	71 
4998	19 
4999	69 
5000	90 
