0 2
2 0
0 3
3 0
0 5
5 0
0 6
6 0
0 10
10 0
0 36
36 0
0 37
37 0
0 61
61 0
0 66
66 0
0 76
76 0
0 80
80 0
0 115
115 0
0 127
127 0
0 135
135 0
0 139
139 0
0 155
155 0
0 170
170 0
0 174
174 0
0 176
176 0
0 178
178 0
0 193
193 0
0 196
196 0
0 197
197 0
1 5
5 1
1 12
12 1
1 15
15 1
1 16
16 1
1 17
17 1
1 31
31 1
1 35
35 1
1 45
45 1
1 47
47 1
1 58
58 1
1 65
65 1
1 69
69 1
1 72
72 1
1 103
103 1
1 106
106 1
1 107
107 1
1 142
142 1
1 147
147 1
1 151
151 1
1 155
155 1
1 156
156 1
1 164
164 1
1 165
165 1
1 166
166 1
1 167
167 1
1 170
170 1
1 184
184 1
2 3
3 2
2 7
7 2
2 8
8 2
2 9
9 2
2 10
10 2
2 11
11 2
2 13
13 2
2 26
26 2
2 27
27 2
2 36
36 2
2 37
37 2
2 40
40 2
2 41
41 2
2 61
61 2
2 72
72 2
2 76
76 2
2 79
79 2
2 80
80 2
2 83
83 2
2 87
87 2
2 88
88 2
2 92
92 2
2 105
105 2
2 108
108 2
2 113
113 2
2 115
115 2
2 124
124 2
2 125
125 2
2 127
127 2
2 133
133 2
2 136
136 2
2 137
137 2
2 139
139 2
2 152
152 2
2 153
153 2
2 155
155 2
2 157
157 2
2 158
158 2
2 159
159 2
2 160
160 2
2 161
161 2
2 174
174 2
2 176
176 2
2 178
178 2
2 180
180 2
2 193
193 2
2 196
196 2
2 197
197 2
3 7
7 3
3 8
8 3
3 9
9 3
3 10
10 3
3 11
11 3
3 13
13 3
3 26
26 3
3 27
27 3
3 36
36 3
3 37
37 3
3 40
40 3
3 41
41 3
3 61
61 3
3 72
72 3
3 74
74 3
3 76
76 3
3 79
79 3
3 80
80 3
3 83
83 3
3 87
87 3
3 88
88 3
3 92
92 3
3 97
97 3
3 105
105 3
3 108
108 3
3 113
113 3
3 124
124 3
3 125
125 3
3 127
127 3
3 133
133 3
3 136
136 3
3 137
137 3
3 139
139 3
3 152
152 3
3 155
155 3
3 157
157 3
3 158
158 3
3 159
159 3
3 160
160 3
3 161
161 3
3 163
163 3
3 176
176 3
3 178
178 3
3 180
180 3
3 193
193 3
3 196
196 3
3 197
197 3
4 32
32 4
4 34
34 4
4 43
43 4
4 46
46 4
4 53
53 4
4 63
63 4
4 75
75 4
4 77
77 4
4 81
81 4
4 82
82 4
4 85
85 4
4 99
99 4
4 117
117 4
4 119
119 4
4 132
132 4
4 143
143 4
4 173
173 4
4 182
182 4
4 183
183 4
5 6
6 5
5 10
10 5
5 15
15 5
5 17
17 5
5 57
57 5
5 61
61 5
5 69
69 5
5 72
72 5
5 76
76 5
5 80
80 5
5 87
87 5
5 115
115 5
5 127
127 5
5 162
162 5
5 165
165 5
5 167
167 5
5 168
168 5
5 170
170 5
5 174
174 5
5 180
180 5
5 184
184 5
6 7
7 6
6 9
9 6
6 10
10 6
6 56
56 6
6 61
61 6
6 66
66 6
6 67
67 6
6 76
76 6
6 80
80 6
6 115
115 6
6 127
127 6
6 135
135 6
6 139
139 6
6 141
141 6
6 170
170 6
6 174
174 6
6 178
178 6
6 189
189 6
7 8
8 7
7 9
9 7
7 10
10 7
7 11
11 7
7 13
13 7
7 26
26 7
7 27
27 7
7 36
36 7
7 37
37 7
7 40
40 7
7 41
41 7
7 56
56 7
7 61
61 7
7 67
67 7
7 72
72 7
7 76
76 7
7 79
79 7
7 83
83 7
7 87
87 7
7 88
88 7
7 92
92 7
7 105
105 7
7 108
108 7
7 113
113 7
7 115
115 7
7 124
124 7
7 125
125 7
7 127
127 7
7 130
130 7
7 133
133 7
7 136
136 7
7 137
137 7
7 141
141 7
7 152
152 7
7 155
155 7
7 157
157 7
7 158
158 7
7 159
159 7
7 160
160 7
7 161
161 7
7 178
178 7
7 180
180 7
7 189
189 7
7 196
196 7
7 197
197 7
8 9
9 8
8 10
10 8
8 11
11 8
8 13
13 8
8 14
14 8
8 26
26 8
8 27
27 8
8 36
36 8
8 37
37 8
8 40
40 8
8 61
61 8
8 76
76 8
8 88
88 8
8 93
93 8
8 97
97 8
8 98
98 8
8 123
123 8
8 124
124 8
8 125
125 8
8 127
127 8
8 133
133 8
8 135
135 8
8 137
137 8
8 139
139 8
8 144
144 8
8 152
152 8
8 155
155 8
8 156
156 8
8 157
157 8
8 158
158 8
8 159
159 8
8 160
160 8
8 161
161 8
8 178
178 8
8 196
196 8
8 197
197 8
9 10
10 9
9 11
11 9
9 13
13 9
9 26
26 9
9 27
27 9
9 36
36 9
9 37
37 9
9 40
40 9
9 56
56 9
9 61
61 9
9 67
67 9
9 70
70 9
9 76
76 9
9 88
88 9
9 97
97 9
9 98
98 9
9 115
115 9
9 124
124 9
9 125
125 9
9 127
127 9
9 133
133 9
9 137
137 9
9 141
141 9
9 152
152 9
9 155
155 9
9 157
157 9
9 158
158 9
9 159
159 9
9 160
160 9
9 161
161 9
9 189
189 9
9 196
196 9
9 197
197 9
10 11
11 10
10 13
13 10
10 14
14 10
10 26
26 10
10 27
27 10
10 29
29 10
10 36
36 10
10 37
37 10
10 40
40 10
10 41
41 10
10 52
52 10
10 61
61 10
10 72
72 10
10 76
76 10
10 79
79 10
10 80
80 10
10 83
83 10
10 87
87 10
10 88
88 10
10 92
92 10
10 101
101 10
10 103
103 10
10 104
104 10
10 105
105 10
10 108
108 10
10 113
113 10
10 115
115 10
10 124
124 10
10 125
125 10
10 127
127 10
10 133
133 10
10 136
136 10
10 137
137 10
10 152
152 10
10 155
155 10
10 157
157 10
10 158
158 10
10 159
159 10
10 160
160 10
10 161
161 10
10 164
164 10
10 165
165 10
10 166
166 10
10 170
170 10
10 174
174 10
10 178
178 10
10 180
180 10
10 191
191 10
10 192
192 10
10 193
193 10
10 196
196 10
10 197
197 10
11 13
13 11
11 26
26 11
11 27
27 11
11 36
36 11
11 37
37 11
11 40
40 11
11 61
61 11
11 76
76 11
11 79
79 11
11 86
86 11
11 88
88 11
11 124
124 11
11 125
125 11
11 127
127 11
11 133
133 11
11 137
137 11
11 152
152 11
11 155
155 11
11 157
157 11
11 158
158 11
11 159
159 11
11 160
160 11
11 161
161 11
11 164
164 11
11 180
180 11
11 196
196 11
11 197
197 11
12 15
15 12
12 16
16 12
12 17
17 12
12 40
40 12
12 44
44 12
12 65
65 12
12 69
69 12
12 70
70 12
12 72
72 12
12 88
88 12
12 99
99 12
12 107
107 12
12 114
114 12
12 124
124 12
12 130
130 12
12 142
142 12
12 147
147 12
12 151
151 12
12 165
165 12
12 167
167 12
12 177
177 12
12 187
187 12
13 26
26 13
13 27
27 13
13 36
36 13
13 37
37 13
13 40
40 13
13 41
41 13
13 44
44 13
13 49
49 13
13 61
61 13
13 76
76 13
13 79
79 13
13 80
80 13
13 83
83 13
13 88
88 13
13 92
92 13
13 124
124 13
13 125
125 13
13 127
127 13
13 133
133 13
13 137
137 13
13 144
144 13
13 152
152 13
13 155
155 13
13 157
157 13
13 158
158 13
13 159
159 13
13 160
160 13
13 161
161 13
13 164
164 13
13 166
166 13
13 169
169 13
13 176
176 13
13 185
185 13
13 193
193 13
13 196
196 13
13 197
197 13
14 19
19 14
14 20
20 14
14 21
21 14
14 25
25 14
14 26
26 14
14 27
27 14
14 29
29 14
14 37
37 14
14 42
42 14
14 52
52 14
14 60
60 14
14 76
76 14
14 79
79 14
14 80
80 14
14 101
101 14
14 103
103 14
14 104
104 14
14 105
105 14
14 106
106 14
14 107
107 14
14 114
114 14
14 123
123 14
14 124
124 14
14 144
144 14
14 147
147 14
14 148
148 14
14 150
150 14
14 151
151 14
14 155
155 14
14 156
156 14
14 164
164 14
14 165
165 14
14 166
166 14
14 167
167 14
14 180
180 14
14 187
187 14
14 191
191 14
14 192
192 14
14 193
193 14
15 16
16 15
15 17
17 15
15 31
31 15
15 35
35 15
15 45
45 15
15 47
47 15
15 57
57 15
15 58
58 15
15 65
65 15
15 69
69 15
15 72
72 15
15 103
103 15
15 106
106 15
15 107
107 15
15 142
142 15
15 147
147 15
15 151
151 15
15 155
155 15
15 156
156 15
15 164
164 15
15 165
165 15
15 166
166 15
15 167
167 15
15 170
170 15
15 184
184 15
16 17
17 16
16 65
65 16
16 69
69 16
16 72
72 16
16 107
107 16
16 142
142 16
16 147
147 16
16 151
151 16
16 165
165 16
16 167
167 16
17 23
23 17
17 29
29 17
17 31
31 17
17 35
35 17
17 36
36 17
17 37
37 17
17 41
41 17
17 45
45 17
17 47
47 17
17 48
48 17
17 52
52 17
17 58
58 17
17 65
65 17
17 69
69 17
17 72
72 17
17 89
89 17
17 93
93 17
17 101
101 17
17 103
103 17
17 104
104 17
17 106
106 17
17 107
107 17
17 142
142 17
17 144
144 17
17 147
147 17
17 150
150 17
17 151
151 17
17 155
155 17
17 156
156 17
17 164
164 17
17 165
165 17
17 166
166 17
17 167
167 17
17 170
170 17
17 180
180 17
17 184
184 17
17 185
185 17
17 191
191 17
17 192
192 17
18 54
54 18
18 59
59 18
18 60
60 18
18 64
64 18
18 75
75 18
18 81
81 18
18 121
121 18
19 20
20 19
19 21
21 19
19 22
22 19
19 25
25 19
19 26
26 19
19 39
39 19
19 40
40 19
19 42
42 19
19 60
60 19
19 76
76 19
19 88
88 19
19 91
91 19
19 125
125 19
19 130
130 19
19 131
131 19
19 133
133 19
19 167
167 19
19 187
187 19
19 189
189 19
20 21
21 20
20 25
25 20
20 26
26 20
20 42
42 20
20 60
60 20
20 76
76 20
20 88
88 20
20 93
93 20
20 116
116 20
20 167
167 20
20 187
187 20
21 25
25 21
21 26
26 21
21 29
29 21
21 33
33 21
21 37
37 21
21 41
41 21
21 42
42 21
21 48
48 21
21 49
49 21
21 52
52 21
21 60
60 21
21 76
76 21
21 79
79 21
21 83
83 21
21 84
84 21
21 86
86 21
21 93
93 21
21 101
101 21
21 103
103 21
21 104
104 21
21 105
105 21
21 136
136 21
21 142
142 21
21 153
153 21
21 155
155 21
21 164
164 21
21 166
166 21
21 167
167 21
21 175
175 21
21 176
176 21
21 179
179 21
21 180
180 21
21 181
181 21
21 186
186 21
21 187
187 21
21 191
191 21
21 192
192 21
21 197
197 21
22 24
24 22
22 39
39 22
22 40
40 22
22 88
88 22
22 125
125 22
22 130
130 22
22 133
133 22
22 189
189 22
23 33
33 23
23 79
79 23
23 89
89 23
23 100
100 23
23 105
105 23
23 106
106 23
23 107
107 23
23 108
108 23
23 123
123 23
23 142
142 23
23 147
147 23
23 148
148 23
23 149
149 23
23 150
150 23
23 151
151 23
23 155
155 23
23 156
156 23
23 167
167 23
23 169
169 23
23 180
180 23
25 26
26 25
25 29
29 25
25 37
37 25
25 41
41 25
25 42
42 25
25 48
48 25
25 49
49 25
25 52
52 25
25 60
60 25
25 65
65 25
25 76
76 25
25 83
83 25
25 84
84 25
25 86
86 25
25 93
93 25
25 101
101 25
25 103
103 25
25 104
104 25
25 107
107 25
25 136
136 25
25 142
142 25
25 151
151 25
25 153
153 25
25 155
155 25
25 164
164 25
25 166
166 25
25 167
167 25
25 176
176 25
25 179
179 25
25 180
180 25
25 186
186 25
25 187
187 25
25 191
191 25
25 192
192 25
25 197
197 25
26 27
27 26
26 29
29 26
26 36
36 26
26 37
37 26
26 40
40 26
26 41
41 26
26 42
42 26
26 49
49 26
26 52
52 26
26 60
60 26
26 61
61 26
26 76
76 26
26 80
80 26
26 88
88 26
26 101
101 26
26 103
103 26
26 104
104 26
26 124
124 26
26 125
125 26
26 127
127 26
26 133
133 26
26 136
136 26
26 137
137 26
26 152
152 26
26 153
153 26
26 155
155 26
26 157
157 26
26 158
158 26
26 159
159 26
26 160
160 26
26 161
161 26
26 164
164 26
26 165
165 26
26 166
166 26
26 167
167 26
26 179
179 26
26 187
187 26
26 191
191 26
26 192
192 26
26 193
193 26
26 196
196 26
26 197
197 26
27 36
36 27
27 37
37 27
27 40
40 27
27 61
61 27
27 70
70 27
27 76
76 27
27 88
88 27
27 93
93 27
27 97
97 27
27 98
98 27
27 123
123 27
27 124
124 27
27 125
125 27
27 127
127 27
27 133
133 27
27 135
135 27
27 137
137 27
27 139
139 27
27 144
144 27
27 152
152 27
27 155
155 27
27 156
156 27
27 157
157 27
27 158
158 27
27 159
159 27
27 160
160 27
27 161
161 27
27 178
178 27
27 196
196 27
27 197
197 27
28 32
32 28
28 43
43 28
28 46
46 28
28 60
60 28
28 85
85 28
28 94
94 28
28 109
109 28
28 117
117 28
28 119
119 28
28 120
120 28
28 143
143 28
28 173
173 28
28 183
183 28
28 188
188 28
28 194
194 28
28 195
195 28
29 35
35 29
29 37
37 29
29 41
41 29
29 48
48 29
29 52
52 29
29 58
58 29
29 76
76 29
29 80
80 29
29 84
84 29
29 86
86 29
29 93
93 29
29 101
101 29
29 103
103 29
29 104
104 29
29 142
142 29
29 148
148 29
29 155
155 29
29 164
164 29
29 165
165 29
29 166
166 29
29 188
188 29
29 191
191 29
29 192
192 29
29 193
193 29
29 194
194 29
30 32
32 30
30 41
41 30
30 50
50 30
30 53
53 30
30 55
55 30
30 60
60 30
30 75
75 30
30 81
81 30
30 83
83 30
30 118
118 30
30 120
120 30
30 143
143 30
30 145
145 30
30 171
171 30
30 172
172 30
30 175
175 30
30 194
194 30
31 35
35 31
31 41
41 31
31 45
45 31
31 47
47 31
31 48
48 31
31 57
57 31
31 58
58 31
31 65
65 31
31 72
72 31
31 80
80 31
31 83
83 31
31 87
87 31
31 95
95 31
31 103
103 31
31 106
106 31
31 142
142 31
31 155
155 31
31 156
156 31
31 162
162 31
31 164
164 31
31 165
165 31
31 166
166 31
31 180
180 31
31 186
186 31
31 191
191 31
31 193
193 31
32 34
34 32
32 41
41 32
32 43
43 32
32 46
46 32
32 50
50 32
32 53
53 32
32 55
55 32
32 60
60 32
32 62
62 32
32 63
63 32
32 75
75 32
32 77
77 32
32 81
81 32
32 82
82 32
32 85
85 32
32 89
89 32
32 94
94 32
32 99
99 32
32 102
102 32
32 103
103 32
32 117
117 32
32 118
118 32
32 119
119 32
32 120
120 32
32 143
143 32
32 145
145 32
32 169
169 32
32 171
171 32
32 172
172 32
32 173
173 32
32 175
175 32
32 182
182 32
32 183
183 32
32 185
185 32
32 188
188 32
32 194
194 32
32 195
195 32
33 41
41 33
33 79
79 33
33 84
84 33
33 89
89 33
33 93
93 33
33 100
100 33
33 105
105 33
33 106
106 33
33 107
107 33
33 108
108 33
33 123
123 33
33 128
128 33
33 147
147 33
33 148
148 33
33 149
149 33
33 150
150 33
33 151
151 33
33 155
155 33
33 156
156 33
33 165
165 33
33 181
181 33
34 46
46 34
34 53
53 34
34 54
54 34
34 55
55 34
34 60
60 34
34 62
62 34
34 63
63 34
34 75
75 34
34 77
77 34
34 81
81 34
34 82
82 34
34 85
85 34
34 99
99 34
34 102
102 34
34 116
116 34
34 117
117 34
34 119
119 34
34 132
132 34
34 143
143 34
34 169
169 34
34 182
182 34
34 183
183 34
34 190
190 34
35 41
41 35
35 45
45 35
35 47
47 35
35 52
52 35
35 57
57 35
35 58
58 35
35 65
65 35
35 69
69 35
35 72
72 35
35 86
86 35
35 95
95 35
35 96
96 35
35 100
100 35
35 101
101 35
35 103
103 35
35 104
104 35
35 105
105 35
35 106
106 35
35 142
142 35
35 148
148 35
35 151
151 35
35 155
155 35
35 156
156 35
35 164
164 35
35 165
165 35
35 166
166 35
35 184
184 35
35 191
191 35
35 192
192 35
35 194
194 35
36 37
37 36
36 40
40 36
36 41
41 36
36 44
44 36
36 61
61 36
36 65
65 36
36 72
72 36
36 76
76 36
36 79
79 36
36 80
80 36
36 83
83 36
36 87
87 36
36 88
88 36
36 89
89 36
36 92
92 36
36 93
93 36
36 105
105 36
36 107
107 36
36 108
108 36
36 113
113 36
36 124
124 36
36 125
125 36
36 127
127 36
36 133
133 36
36 136
136 36
36 137
137 36
36 139
139 36
36 144
144 36
36 147
147 36
36 150
150 36
36 152
152 36
36 155
155 36
36 157
157 36
36 158
158 36
36 159
159 36
36 160
160 36
36 161
161 36
36 176
176 36
36 178
178 36
36 180
180 36
36 185
185 36
36 193
193 36
36 196
196 36
36 197
197 36
37 40
40 37
37 41
41 37
37 47
47 37
37 48
48 37
37 52
52 37
37 61
61 37
37 65
65 37
37 72
72 37
37 74
74 37
37 76
76 37
37 79
79 37
37 80
80 37
37 83
83 37
37 87
87 37
37 88
88 37
37 89
89 37
37 92
92 37
37 93
93 37
37 97
97 37
37 101
101 37
37 103
103 37
37 104
104 37
37 105
105 37
37 107
107 37
37 108
108 37
37 113
113 37
37 115
115 37
37 124
124 37
37 125
125 37
37 127
127 37
37 133
133 37
37 136
136 37
37 137
137 37
37 139
139 37
37 144
144 37
37 147
147 37
37 150
150 37
37 152
152 37
37 155
155 37
37 157
157 37
37 158
158 37
37 159
159 37
37 160
160 37
37 161
161 37
37 163
163 37
37 164
164 37
37 165
165 37
37 166
166 37
37 176
176 37
37 178
178 37
37 180
180 37
37 185
185 37
37 186
186 37
37 191
191 37
37 192
192 37
37 193
193 37
37 196
196 37
37 197
197 37
38 62
62 38
38 63
63 38
38 75
75 38
38 90
90 38
38 129
129 38
38 188
188 38
39 40
40 39
39 66
66 39
39 88
88 39
39 106
106 39
39 125
125 39
39 130
130 39
39 133
133 39
39 162
162 39
39 180
180 39
39 181
181 39
39 189
189 39
40 44
44 40
40 61
61 40
40 66
66 40
40 70
70 40
40 74
74 40
40 76
76 40
40 80
80 40
40 88
88 40
40 97
97 40
40 99
99 40
40 106
106 40
40 114
114 40
40 124
124 40
40 125
125 40
40 127
127 40
40 130
130 40
40 133
133 40
40 137
137 40
40 152
152 40
40 155
155 40
40 157
157 40
40 158
158 40
40 159
159 40
40 160
160 40
40 161
161 40
40 162
162 40
40 163
163 40
40 177
177 40
40 180
180 40
40 181
181 40
40 187
187 40
40 189
189 40
40 193
193 40
40 196
196 40
40 197
197 40
41 42
42 41
41 43
43 41
41 46
46 41
41 47
47 41
41 48
48 41
41 49
49 41
41 50
50 41
41 52
52 41
41 53
53 41
41 55
55 41
41 57
57 41
41 58
58 41
41 65
65 41
41 69
69 41
41 70
70 41
41 71
71 41
41 72
72 41
41 75
75 41
41 76
76 41
41 78
78 41
41 79
79 41
41 80
80 41
41 81
81 41
41 83
83 41
41 84
84 41
41 86
86 41
41 87
87 41
41 89
89 41
41 92
92 41
41 93
93 41
41 94
94 41
41 95
95 41
41 98
98 41
41 100
100 41
41 101
101 41
41 102
102 41
41 103
103 41
41 104
104 41
41 105
105 41
41 107
107 41
41 108
108 41
41 111
111 41
41 113
113 41
41 115
115 41
41 120
120 41
41 134
134 41
41 135
135 41
41 136
136 41
41 138
138 41
41 142
142 41
41 143
143 41
41 145
145 41
41 151
151 41
41 153
153 41
41 155
155 41
41 160
160 41
41 161
161 41
41 162
162 41
41 164
164 41
41 165
165 41
41 166
166 41
41 169
169 41
41 171
171 41
41 172
172 41
41 173
173 41
41 174
174 41
41 175
175 41
41 176
176 41
41 178
178 41
41 179
179 41
41 180
180 41
41 181
181 41
41 183
183 41
41 185
185 41
41 186
186 41
41 188
188 41
41 191
191 41
41 192
192 41
41 193
193 41
41 194
194 41
41 195
195 41
41 196
196 41
41 197
197 41
42 60
60 42
42 65
65 42
42 76
76 42
42 98
98 42
42 111
111 42
42 167
167 42
42 174
174 42
42 180
180 42
42 187
187 42
43 51
51 43
43 53
53 43
43 55
55 43
43 62
62 43
43 75
75 43
43 77
77 43
43 81
81 43
43 82
82 43
43 87
87 43
43 117
117 43
43 119
119 43
43 120
120 43
43 132
132 43
43 143
143 43
43 173
173 43
43 183
183 43
43 188
188 43
43 194
194 43
43 195
195 43
44 70
70 44
44 88
88 44
44 99
99 44
44 114
114 44
44 124
124 44
44 130
130 44
44 137
137 44
44 144
144 44
44 159
159 44
44 160
160 44
44 161
161 44
44 177
177 44
44 187
187 44
44 189
189 44
45 47
47 45
45 57
57 45
45 58
58 45
45 65
65 45
45 69
69 45
45 72
72 45
45 95
95 45
45 96
96 45
45 103
103 45
45 105
105 45
45 106
106 45
45 110
110 45
45 148
148 45
45 155
155 45
45 156
156 45
45 164
164 45
45 165
165 45
45 166
166 45
45 184
184 45
45 194
194 45
46 53
53 46
46 55
55 46
46 60
60 46
46 62
62 46
46 63
63 46
46 75
75 46
46 77
77 46
46 81
81 46
46 82
82 46
46 85
85 46
46 89
89 46
46 94
94 46
46 99
99 46
46 102
102 46
46 109
109 46
46 117
117 46
46 119
119 46
46 120
120 46
46 143
143 46
46 169
169 46
46 173
173 46
46 182
182 46
46 183
183 46
46 185
185 46
46 188
188 46
46 194
194 46
47 48
48 47
47 58
58 47
47 65
65 47
47 80
80 47
47 83
83 47
47 103
103 47
47 106
106 47
47 155
155 47
47 156
156 47
47 164
164 47
47 165
165 47
47 166
166 47
47 180
180 47
47 186
186 47
47 193
193 47
48 49
49 48
48 55
55 48
48 57
57 48
48 65
65 48
48 69
69 48
48 72
72 48
48 76
76 48
48 80
80 48
48 83
83 48
48 95
95 48
48 104
104 48
48 107
107 48
48 142
142 48
48 151
151 48
48 155
155 48
48 164
164 48
48 166
166 48
48 175
175 48
48 176
176 48
48 180
180 48
48 186
186 48
48 193
193 48
48 194
194 48
49 83
83 49
49 136
136 49
49 142
142 49
49 153
153 49
49 164
164 49
49 166
166 49
49 169
169 49
49 175
175 49
49 179
179 49
49 185
185 49
49 197
197 49
50 53
53 50
50 55
55 50
50 60
60 50
50 81
81 50
50 83
83 50
50 109
109 50
50 118
118 50
50 120
120 50
50 143
143 50
50 145
145 50
50 171
171 50
50 172
172 50
50 175
175 50
50 194
194 50
51 75
75 51
52 58
58 52
52 76
76 52
52 80
80 52
52 84
84 52
52 86
86 52
52 93
93 52
52 101
101 52
52 103
103 52
52 104
104 52
52 148
148 52
52 155
155 52
52 164
164 52
52 165
165 52
52 166
166 52
52 191
191 52
52 192
192 52
52 193
193 52
53 55
55 53
53 60
60 53
53 63
63 53
53 75
75 53
53 77
77 53
53 81
81 53
53 82
82 53
53 83
83 53
53 85
85 53
53 89
89 53
53 94
94 53
53 99
99 53
53 102
102 53
53 117
117 53
53 118
118 53
53 119
119 53
53 120
120 53
53 132
132 53
53 143
143 53
53 145
145 53
53 169
169 53
53 171
171 53
53 172
172 53
53 173
173 53
53 175
175 53
53 182
182 53
53 183
183 53
53 185
185 53
53 188
188 53
53 194
194 53
53 195
195 53
54 60
60 54
54 116
116 54
54 190
190 54
55 57
57 55
55 60
60 55
55 62
62 55
55 63
63 55
55 68
68 55
55 71
71 55
55 75
75 55
55 77
77 55
55 81
81 55
55 82
82 55
55 83
83 55
55 85
85 55
55 87
87 55
55 89
89 55
55 91
91 55
55 94
94 55
55 99
99 55
55 102
102 55
55 105
105 55
55 106
106 55
55 116
116 55
55 117
117 55
55 118
118 55
55 119
119 55
55 120
120 55
55 131
131 55
55 142
142 55
55 143
143 55
55 145
145 55
55 147
147 55
55 148
148 55
55 162
162 55
55 169
169 55
55 171
171 55
55 172
172 55
55 173
173 55
55 175
175 55
55 180
180 55
55 182
182 55
55 183
183 55
55 185
185 55
55 186
186 55
55 188
188 55
55 194
194 55
55 195
195 55
56 67
67 56
56 115
115 56
56 141
141 56
56 178
178 56
56 189
189 56
57 58
58 57
57 65
65 57
57 69
69 57
57 72
72 57
57 79
79 57
57 87
87 57
57 95
95 57
57 96
96 57
57 103
103 57
57 105
105 57
57 106
106 57
57 107
107 57
57 110
110 57
57 128
128 57
57 142
142 57
57 147
147 57
57 148
148 57
57 149
149 57
57 150
150 57
57 155
155 57
57 162
162 57
57 164
164 57
57 165
165 57
57 166
166 57
57 167
167 57
57 168
168 57
57 170
170 57
57 178
178 57
57 180
180 57
57 184
184 57
57 194
194 57
58 65
65 58
58 86
86 58
58 95
95 58
58 101
101 58
58 103
103 58
58 104
104 58
58 106
106 58
58 155
155 58
58 156
156 58
58 164
164 58
58 165
165 58
58 166
166 58
59 64
64 59
59 154
154 59
60 71
71 60
60 75
75 60
60 76
76 60
60 81
81 60
60 91
91 60
60 109
109 60
60 116
116 60
60 117
117 60
60 118
118 60
60 119
119 60
60 120
120 60
60 121
121 60
60 129
129 60
60 131
131 60
60 132
132 60
60 143
143 60
60 145
145 60
60 167
167 60
60 172
172 60
60 183
183 60
60 187
187 60
60 188
188 60
60 190
190 60
60 194
194 60
61 74
74 61
61 76
76 61
61 79
79 61
61 80
80 61
61 88
88 61
61 97
97 61
61 115
115 61
61 124
124 61
61 125
125 61
61 127
127 61
61 133
133 61
61 137
137 61
61 139
139 61
61 152
152 61
61 155
155 61
61 157
157 61
61 158
158 61
61 159
159 61
61 160
160 61
61 161
161 61
61 163
163 61
61 170
170 61
61 174
174 61
61 176
176 61
61 193
193 61
61 196
196 61
61 197
197 61
62 63
63 62
62 75
75 62
62 87
87 62
62 90
90 62
62 99
99 62
62 102
102 62
62 117
117 62
62 119
119 62
62 129
129 62
62 140
140 62
62 143
143 62
62 169
169 62
62 182
182 62
62 183
183 62
63 75
75 63
63 77
77 63
63 81
81 63
63 82
82 63
63 85
85 63
63 99
99 63
63 102
102 63
63 117
117 63
63 119
119 63
63 132
132 63
63 143
143 63
63 169
169 63
63 182
182 63
63 183
183 63
64 90
90 64
64 154
154 64
65 69
69 65
65 72
72 65
65 76
76 65
65 79
79 65
65 80
80 65
65 83
83 65
65 87
87 65
65 89
89 65
65 93
93 65
65 96
96 65
65 98
98 65
65 103
103 65
65 105
105 65
65 106
106 65
65 107
107 65
65 111
111 65
65 128
128 65
65 136
136 65
65 142
142 65
65 144
144 65
65 147
147 65
65 148
148 65
65 149
149 65
65 150
150 65
65 151
151 65
65 153
153 65
65 155
155 65
65 156
156 65
65 162
162 65
65 164
164 65
65 165
165 65
65 166
166 65
65 167
167 65
65 174
174 65
65 178
178 65
65 180
180 65
65 181
181 65
65 184
184 65
65 185
185 65
65 186
186 65
65 193
193 65
65 194
194 65
66 106
106 66
66 135
135 66
66 139
139 66
66 162
162 66
66 180
180 66
66 181
181 66
67 115
115 67
67 141
141 67
67 174
174 67
67 178
178 67
67 189
189 67
69 72
72 69
69 96
96 69
69 103
103 69
69 105
105 69
69 107
107 69
69 128
128 69
69 142
142 69
69 147
147 69
69 148
148 69
69 151
151 69
69 155
155 69
69 164
164 69
69 165
165 69
69 166
166 69
69 167
167 69
69 168
168 69
69 170
170 69
69 184
184 69
69 194
194 69
70 88
88 70
70 97
97 70
70 98
98 70
70 99
99 70
70 114
114 70
70 124
124 70
70 130
130 70
70 136
136 70
70 142
142 70
70 152
152 70
70 153
153 70
70 177
177 70
70 187
187 70
71 75
75 71
71 81
81 71
71 82
82 71
71 143
143 71
71 171
171 71
71 175
175 71
71 183
183 71
71 190
190 71
71 194
194 71
72 79
79 72
72 83
83 72
72 87
87 72
72 92
92 72
72 96
96 72
72 103
103 72
72 105
105 72
72 106
106 72
72 107
107 72
72 108
108 72
72 113
113 72
72 128
128 72
72 136
136 72
72 142
142 72
72 147
147 72
72 148
148 72
72 149
149 72
72 150
150 72
72 151
151 72
72 155
155 72
72 162
162 72
72 164
164 72
72 165
165 72
72 166
166 72
72 167
167 72
72 168
168 72
72 170
170 72
72 178
178 72
72 180
180 72
72 184
184 72
72 194
194 72
72 196
196 72
72 197
197 72
73 95
95 73
74 76
76 74
74 80
80 74
74 93
93 74
74 97
97 74
74 127
127 74
74 137
137 74
74 144
144 74
74 155
155 74
74 163
163 74
74 197
197 74
75 77
77 75
75 81
81 75
75 82
82 75
75 85
85 75
75 89
89 75
75 94
94 75
75 99
99 75
75 102
102 75
75 109
109 75
75 117
117 75
75 118
118 75
75 119
119 75
75 120
120 75
75 121
121 75
75 132
132 75
75 140
140 75
75 143
143 75
75 145
145 75
75 166
166 75
75 169
169 75
75 171
171 75
75 173
173 75
75 175
175 75
75 182
182 75
75 183
183 75
75 185
185 75
75 188
188 75
75 194
194 75
75 195
195 75
76 79
79 76
76 80
80 76
76 88
88 76
76 97
97 76
76 101
101 76
76 103
103 76
76 104
104 76
76 105
105 76
76 106
106 76
76 111
111 76
76 114
114 76
76 115
115 76
76 124
124 76
76 125
125 76
76 127
127 76
76 133
133 76
76 137
137 76
76 139
139 76
76 144
144 76
76 148
148 76
76 152
152 76
76 155
155 76
76 157
157 76
76 158
158 76
76 159
159 76
76 160
160 76
76 161
161 76
76 163
163 76
76 164
164 76
76 165
165 76
76 166
166 76
76 167
167 76
76 170
170 76
76 174
174 76
76 176
176 76
76 177
177 76
76 180
180 76
76 187
187 76
76 189
189 76
76 191
191 76
76 192
192 76
76 193
193 76
76 196
196 76
76 197
197 76
77 81
81 77
77 82
82 77
77 85
85 77
77 99
99 77
77 117
117 77
77 120
120 77
77 132
132 77
77 143
143 77
77 173
173 77
77 182
182 77
77 183
183 77
77 188
188 77
77 194
194 77
77 195
195 77
78 157
157 78
79 83
83 79
79 84
84 79
79 87
87 79
79 92
92 79
79 93
93 79
79 103
103 79
79 105
105 79
79 106
106 79
79 107
107 79
79 108
108 79
79 113
113 79
79 123
123 79
79 127
127 79
79 128
128 79
79 136
136 79
79 147
147 79
79 148
148 79
79 149
149 79
79 150
150 79
79 159
159 79
79 160
160 79
79 161
161 79
79 162
162 79
79 165
165 79
79 166
166 79
79 178
178 79
79 180
180 79
79 181
181 79
79 196
196 79
79 197
197 79
80 83
83 80
80 97
97 80
80 101
101 80
80 103
103 80
80 104
104 80
80 115
115 80
80 127
127 80
80 137
137 80
80 139
139 80
80 155
155 80
80 163
163 80
80 164
164 80
80 165
165 80
80 166
166 80
80 170
170 80
80 174
174 80
80 176
176 80
80 186
186 80
80 191
191 80
80 192
192 80
80 193
193 80
80 196
196 80
80 197
197 80
81 82
82 81
81 85
85 81
81 89
89 81
81 94
94 81
81 99
99 81
81 102
102 81
81 117
117 81
81 118
118 81
81 119
119 81
81 120
120 81
81 121
121 81
81 132
132 81
81 143
143 81
81 145
145 81
81 169
169 81
81 171
171 81
81 172
172 81
81 173
173 81
81 175
175 81
81 183
183 81
81 185
185 81
81 188
188 81
81 194
194 81
81 195
195 81
82 85
85 82
82 94
94 82
82 99
99 82
82 102
102 82
82 117
117 82
82 119
119 82
82 132
132 82
82 143
143 82
82 173
173 82
82 183
183 82
82 188
188 82
82 194
194 82
83 87
87 83
83 92
92 83
83 103
103 83
83 105
105 83
83 108
108 83
83 113
113 83
83 115
115 83
83 128
128 83
83 136
136 83
83 142
142 83
83 145
145 83
83 148
148 83
83 153
153 83
83 155
155 83
83 162
162 83
83 164
164 83
83 166
166 83
83 169
169 83
83 171
171 83
83 172
172 83
83 174
174 83
83 175
175 83
83 176
176 83
83 178
178 83
83 180
180 83
83 185
185 83
83 186
186 83
83 193
193 83
83 196
196 83
83 197
197 83
84 86
86 84
84 93
93 84
84 101
101 84
84 103
103 84
84 104
104 84
84 105
105 84
84 164
164 84
84 166
166 84
84 181
181 84
84 191
191 84
84 192
192 84
85 94
94 85
85 99
99 85
85 103
103 85
85 109
109 85
85 117
117 85
85 119
119 85
85 120
120 85
85 132
132 85
85 143
143 85
85 183
183 85
85 188
188 85
85 194
194 85
86 93
93 86
86 101
101 86
86 103
103 86
86 104
104 86
86 148
148 86
86 156
156 86
86 164
164 86
86 165
165 86
86 166
166 86
86 191
191 86
86 192
192 86
87 92
92 87
87 103
103 87
87 105
105 87
87 106
106 87
87 107
107 87
87 108
108 87
87 113
113 87
87 117
117 87
87 128
128 87
87 136
136 87
87 142
142 87
87 147
147 87
87 148
148 87
87 149
149 87
87 150
150 87
87 162
162 87
87 165
165 87
87 166
166 87
87 178
178 87
87 180
180 87
87 196
196 87
87 197
197 87
88 93
93 88
88 99
99 88
88 114
114 88
88 124
124 88
88 125
125 88
88 127
127 88
88 130
130 88
88 133
133 88
88 137
137 88
88 144
144 88
88 152
152 88
88 155
155 88
88 157
157 88
88 158
158 88
88 159
159 88
88 160
160 88
88 161
161 88
88 174
174 88
88 177
177 88
88 187
187 88
88 189
189 88
88 193
193 88
88 196
196 88
88 197
197 88
89 93
93 89
89 94
94 89
89 100
100 89
89 102
102 89
89 105
105 89
89 106
106 89
89 107
107 89
89 108
108 89
89 120
120 89
89 123
123 89
89 144
144 89
89 147
147 89
89 148
148 89
89 149
149 89
89 150
150 89
89 151
151 89
89 155
155 89
89 156
156 89
89 169
169 89
89 173
173 89
89 183
183 89
89 185
185 89
89 188
188 89
89 194
194 89
90 129
129 90
90 140
140 90
91 131
131 91
91 145
145 91
91 177
177 91
92 93
93 92
92 105
105 92
92 108
108 92
92 113
113 92
92 115
115 92
92 135
135 92
92 136
136 92
92 161
161 92
92 174
174 92
92 178
178 92
92 180
180 92
92 196
196 92
92 197
197 92
93 101
101 93
93 103
103 93
93 104
104 93
93 105
105 93
93 107
107 93
93 135
135 93
93 139
139 93
93 144
144 93
93 147
147 93
93 150
150 93
93 155
155 93
93 163
163 93
93 164
164 93
93 166
166 93
93 178
178 93
93 181
181 93
93 185
185 93
93 191
191 93
93 192
192 93
94 102
102 94
94 109
109 94
94 117
117 94
94 119
119 94
94 120
120 94
94 169
169 94
94 173
173 94
94 183
183 94
94 185
185 94
94 188
188 94
94 194
194 94
95 100
100 95
95 103
103 95
95 142
142 95
95 151
151 95
95 165
165 95
95 166
166 95
95 180
180 95
96 103
103 96
96 105
105 96
96 148
148 96
96 164
164 96
96 166
166 96
96 184
184 96
96 194
194 96
97 98
98 97
97 127
127 97
97 137
137 97
97 152
152 97
97 155
155 97
97 163
163 97
97 197
197 97
98 152
152 98
98 174
174 98
99 102
102 99
99 114
114 99
99 117
117 99
99 119
119 99
99 124
124 99
99 130
130 99
99 132
132 99
99 143
143 99
99 169
169 99
99 177
177 99
99 182
182 99
99 183
183 99
99 187
187 99
100 103
103 100
100 105
105 100
100 106
106 100
100 107
107 100
100 108
108 100
100 111
111 100
100 123
123 100
100 142
142 100
100 143
143 100
100 147
147 100
100 148
148 100
100 149
149 100
100 150
150 100
100 151
151 100
100 155
155 100
100 156
156 100
100 165
165 100
100 166
166 100
101 103
103 101
101 104
104 101
101 148
148 101
101 155
155 101
101 164
164 101
101 165
165 101
101 166
166 101
101 191
191 101
101 192
192 101
101 193
193 101
102 117
117 102
102 119
119 102
102 120
120 102
102 143
143 102
102 169
169 102
102 173
173 102
102 182
182 102
102 183
183 102
102 185
185 102
102 188
188 102
102 194
194 102
103 104
104 103
103 105
105 103
103 106
106 103
103 126
126 103
103 128
128 103
103 142
142 103
103 148
148 103
103 151
151 103
103 155
155 103
103 156
156 103
103 162
162 103
103 164
164 103
103 165
165 103
103 166
166 103
103 180
180 103
103 184
184 103
103 191
191 103
103 192
192 103
103 193
193 103
103 194
194 103
104 148
148 104
104 155
155 104
104 164
164 104
104 165
165 104
104 166
166 104
104 191
191 104
104 192
192 104
104 193
193 104
105 106
106 105
105 107
107 105
105 108
108 105
105 113
113 105
105 123
123 105
105 128
128 105
105 136
136 105
105 142
142 105
105 143
143 105
105 147
147 105
105 148
148 105
105 149
149 105
105 150
150 105
105 151
151 105
105 155
155 105
105 156
156 105
105 162
162 105
105 164
164 105
105 165
165 105
105 166
166 105
105 178
178 105
105 180
180 105
105 181
181 105
105 184
184 105
105 194
194 105
105 196
196 105
105 197
197 105
106 107
107 106
106 108
108 106
106 123
123 106
106 128
128 106
106 142
142 106
106 147
147 106
106 148
148 106
106 149
149 106
106 150
150 106
106 151
151 106
106 155
155 106
106 156
156 106
106 162
162 106
106 164
164 106
106 165
165 106
106 166
166 106
106 167
167 106
106 178
178 106
106 180
180 106
106 181
181 106
106 184
184 106
107 108
108 107
107 123
123 107
107 128
128 107
107 142
142 107
107 143
143 107
107 144
144 107
107 146
146 107
107 147
147 107
107 148
148 107
107 149
149 107
107 150
150 107
107 151
151 107
107 155
155 107
107 156
156 107
107 162
162 107
107 165
165 107
107 167
167 107
107 178
178 107
107 180
180 107
107 185
185 107
107 186
186 107
108 113
113 108
108 123
123 108
108 128
128 108
108 136
136 108
108 143
143 108
108 147
147 108
108 148
148 108
108 149
149 108
108 150
150 108
108 151
151 108
108 155
155 108
108 156
156 108
108 165
165 108
108 178
178 108
108 180
180 108
108 196
196 108
108 197
197 108
109 117
117 109
109 119
119 109
109 120
120 109
109 171
171 109
109 183
183 109
109 188
188 109
109 194
194 109
110 148
148 110
111 115
115 111
111 155
155 111
111 166
166 111
111 174
174 111
111 177
177 111
111 184
184 111
112 143
143 112
113 136
136 113
113 178
178 113
113 180
180 113
113 196
196 113
113 197
197 113
114 124
124 114
114 130
130 114
114 155
155 114
114 177
177 114
114 187
187 114
115 127
127 115
115 135
135 115
115 136
136 115
115 139
139 115
115 141
141 115
115 155
155 115
115 170
170 115
115 174
174 115
115 177
177 115
115 178
178 115
115 189
189 115
115 197
197 115
116 190
190 116
117 119
119 117
117 120
120 117
117 132
132 117
117 143
143 117
117 169
169 117
117 173
173 117
117 182
182 117
117 183
183 117
117 188
188 117
117 194
194 117
118 120
120 118
118 143
143 118
118 145
145 118
118 172
172 118
118 194
194 118
119 120
120 119
119 143
143 119
119 169
169 119
119 173
173 119
119 182
182 119
119 183
183 119
119 188
188 119
119 194
194 119
120 143
143 120
120 145
145 120
120 169
169 120
120 172
172 120
120 173
173 120
120 183
183 120
120 185
185 120
120 188
188 120
120 194
194 120
120 195
195 120
122 126
126 122
123 124
124 123
123 147
147 123
123 148
148 123
123 149
149 123
123 150
150 123
123 151
151 123
123 155
155 123
123 156
156 123
124 125
125 124
124 127
127 124
124 130
130 124
124 133
133 124
124 137
137 124
124 152
152 124
124 155
155 124
124 156
156 124
124 157
157 124
124 158
158 124
124 159
159 124
124 160
160 124
124 161
161 124
124 177
177 124
124 187
187 124
124 189
189 124
124 196
196 124
124 197
197 124
125 127
127 125
125 130
130 125
125 133
133 125
125 137
137 125
125 152
152 125
125 155
155 125
125 157
157 125
125 158
158 125
125 159
159 125
125 160
160 125
125 161
161 125
125 189
189 125
125 196
196 125
125 197
197 125
126 166
166 126
126 180
180 126
127 133
133 127
127 137
137 127
127 139
139 127
127 152
152 127
127 155
155 127
127 157
157 127
127 158
158 127
127 159
159 127
127 160
160 127
127 161
161 127
127 163
163 127
127 170
170 127
127 174
174 127
127 176
176 127
127 193
193 127
127 196
196 127
127 197
197 127
128 142
142 128
128 147
147 128
128 148
148 128
128 149
149 128
128 150
150 128
128 155
155 128
128 162
162 128
128 165
165 128
128 166
166 128
128 168
168 128
128 178
178 128
128 180
180 128
128 184
184 128
129 188
188 129
130 133
133 130
130 137
137 130
130 158
158 130
130 177
177 130
130 187
187 130
130 189
189 130
131 145
145 131
131 177
177 131
132 143
143 132
132 173
173 132
132 182
182 132
133 137
137 133
133 152
152 133
133 155
155 133
133 157
157 133
133 158
158 133
133 159
159 133
133 160
160 133
133 161
161 133
133 189
189 133
133 196
196 133
133 197
197 133
134 138
138 134
134 173
173 134
134 183
183 134
134 185
185 134
134 194
194 134
134 195
195 134
135 139
139 135
135 144
144 135
135 178
178 135
136 153
153 136
136 174
174 136
136 178
178 136
136 179
179 136
136 180
180 136
136 196
196 136
136 197
197 136
137 144
144 137
137 152
152 137
137 155
155 137
137 157
157 137
137 158
158 137
137 159
159 137
137 160
160 137
137 161
161 137
137 163
163 137
137 189
189 137
137 196
196 137
137 197
197 137
138 173
173 138
138 183
183 138
138 185
185 138
138 194
194 138
138 195
195 138
139 144
144 139
139 155
155 139
139 176
176 139
139 178
178 139
139 193
193 139
139 196
196 139
139 197
197 139
141 178
178 141
141 189
189 141
142 146
146 142
142 147
147 142
142 148
148 142
142 151
151 142
142 155
155 142
142 162
162 142
142 164
164 142
142 165
165 142
142 166
166 142
142 167
167 142
142 175
175 142
142 180
180 142
142 188
188 142
143 145
145 143
143 147
147 143
143 148
148 143
143 151
151 143
143 169
169 143
143 171
171 143
143 172
172 143
143 173
173 143
143 175
175 143
143 182
182 143
143 183
183 143
143 188
188 143
143 194
194 143
143 195
195 143
144 147
147 144
144 150
150 144
144 155
155 144
144 159
159 144
144 160
160 144
144 161
161 144
144 163
163 144
144 178
178 144
144 185
185 144
145 171
171 145
145 172
172 145
145 175
175 145
145 194
194 145
146 147
147 146
146 155
155 146
146 180
180 146
146 185
185 146
147 148
148 147
147 149
149 147
147 150
150 147
147 151
151 147
147 155
155 147
147 156
156 147
147 162
162 147
147 165
165 147
147 167
167 147
147 178
178 147
147 180
180 147
147 185
185 147
148 149
149 148
148 150
150 148
148 151
151 148
148 155
155 148
148 156
156 148
148 162
162 148
148 164
164 148
148 166
166 148
148 180
180 148
148 184
184 148
148 191
191 148
148 192
192 148
148 194
194 148
149 150
150 149
149 151
151 149
149 155
155 149
149 156
156 149
149 162
162 149
149 165
165 149
149 178
178 149
149 180
180 149
150 151
151 150
150 155
155 150
150 156
156 150
150 162
162 150
150 165
165 150
150 178
178 150
150 180
180 150
150 185
185 150
151 155
155 151
151 156
156 151
151 165
165 151
151 166
166 151
151 167
167 151
151 180
180 151
151 186
186 151
152 155
155 152
152 157
157 152
152 158
158 152
152 159
159 152
152 160
160 152
152 161
161 152
152 196
196 152
152 197
197 152
153 179
179 153
153 197
197 153
155 156
156 155
155 157
157 155
155 158
158 155
155 159
159 155
155 160
160 155
155 161
161 155
155 163
163 155
155 164
164 155
155 165
165 155
155 166
166 155
155 168
168 155
155 174
174 155
155 176
176 155
155 177
177 155
155 178
178 155
155 180
180 155
155 185
185 155
155 186
186 155
155 189
189 155
155 191
191 155
155 192
192 155
155 193
193 155
155 196
196 155
155 197
197 155
156 164
164 156
156 165
165 156
156 166
166 156
157 158
158 157
157 159
159 157
157 160
160 157
157 161
161 157
157 196
196 157
157 197
197 157
158 159
159 158
158 160
160 158
158 161
161 158
158 189
189 158
158 196
196 158
158 197
197 158
159 160
160 159
159 161
161 159
159 196
196 159
159 197
197 159
160 161
161 160
160 196
196 160
160 197
197 160
161 196
196 161
161 197
197 161
162 165
165 162
162 166
166 162
162 178
178 162
162 180
180 162
162 181
181 162
162 184
184 162
163 197
197 163
164 165
165 164
164 166
166 164
164 169
169 164
164 183
183 164
164 184
184 164
164 185
185 164
164 188
188 164
164 191
191 164
164 192
192 164
164 193
193 164
164 194
194 164
164 197
197 164
165 166
166 165
165 167
167 165
165 168
168 165
165 170
170 165
165 178
178 165
165 180
180 165
165 184
184 165
165 191
191 165
165 192
192 165
165 193
193 165
166 169
169 166
166 180
180 166
166 183
183 166
166 184
184 166
166 185
185 166
166 191
191 166
166 192
192 166
166 193
193 166
166 194
194 166
166 197
197 166
167 168
168 167
167 170
170 167
167 180
180 167
167 187
187 167
168 170
170 168
169 173
173 169
169 182
182 169
169 183
183 169
169 185
185 169
169 188
188 169
169 194
194 169
169 197
197 169
170 174
174 170
170 184
184 170
171 172
172 171
171 175
175 171
171 183
183 171
171 194
194 171
172 175
175 172
172 194
194 172
173 182
182 173
173 183
183 173
173 185
185 173
173 188
188 173
173 194
194 173
173 195
195 173
174 177
177 174
174 189
189 174
174 193
193 174
174 197
197 174
175 183
183 175
175 194
194 175
176 186
186 176
176 193
193 176
176 196
196 176
176 197
197 176
177 187
187 177
177 189
189 177
177 193
193 177
178 180
180 178
178 196
196 178
178 197
197 178
179 197
197 179
180 181
181 180
180 184
184 180
180 186
186 180
180 188
188 180
180 196
196 180
180 197
197 180
182 183
183 182
183 185
185 183
183 188
188 183
183 194
194 183
183 195
195 183
184 194
194 184
185 188
188 185
185 194
194 185
185 195
195 185
185 197
197 185
186 193
193 186
188 194
194 188
188 195
195 188
189 193
193 189
191 192
192 191
191 193
193 191
192 193
193 192
193 196
196 193
193 197
197 193
194 195
195 194
196 197
197 196
