1	48 
2	22 
3	13 
4	97 
5	102 
6	71 
7	45 
8	92 
9	83 
10	75 
11	10 
12	59 
13	48 
14	12 
15	50 
16	49 
17	4 
18	12 
19	46 
20	59 
21	31 
22	86 
23	50 
24	78 
25	102 
26	11 
27	21 
28	52 
29	76 
30	80 
31	98 
32	55 
33	89 
34	54 
35	88 
36	84 
37	63 
38	99 
39	74 
40	50 
41	68 
42	85 
43	50 
44	81 
45	11 
46	83 
47	13 
48	54 
49	59 
50	31 
51	99 
52	9 
53	31 
54	68 
55	66 
56	98 
57	53 
58	19 
59	36 
60	50 
61	49 
62	101 
63	41 
64	67 
65	34 
66	98 
67	6 
68	62 
69	83 
70	80 
71	63 
72	8 
73	71 
74	63 
75	33 
76	33 
77	31 
78	59 
79	98 
80	58 
81	53 
82	45 
83	13 
84	25 
85	41 
86	33 
87	89 
88	64 
89	34 
90	57 
91	56 
92	10 
93	4 
94	30 
95	38 
96	62 
97	32 
98	76 
99	44 
100	32 
101	32 
102	2 
103	80 
104	46 
105	85 
106	86 
107	88 
108	5 
109	79 
110	88 
111	99 
112	1 
113	58 
114	5 
115	53 
116	38 
117	43 
118	84 
119	59 
120	59 
121	74 
122	83 
123	35 
124	33 
125	76 
126	22 
127	41 
128	88 
129	7 
130	45 
131	15 
132	20 
133	29 
134	43 
135	79 
136	21 
137	8 
138	103 
139	79 
140	49 
141	91 
142	52 
143	49 
144	66 
145	2 
146	78 
147	80 
148	33 
149	66 
150	44 
151	75 
152	13 
153	1 
154	43 
155	60 
156	34 
157	22 
158	15 
159	72 
160	10 
161	16 
162	35 
163	74 
164	90 
165	83 
166	99 
167	104 
168	72 
169	97 
170	2 
171	88 
172	82 
173	83 
174	58 
175	78 
176	80 
177	11 
178	91 
179	71 
180	30 
181	84 
182	20 
183	84 
184	72 
185	9 
186	92 
187	88 
188	50 
189	31 
190	88 
191	95 
192	56 
193	76 
194	55 
195	66 
196	42 
197	21 
198	55 
199	42 
200	96 
201	28 
202	98 
203	37 
204	50 
205	34 
206	69 
207	65 
208	61 
209	5 
210	92 
211	19 
212	65 
213	74 
214	21 
215	32 
216	92 
217	28 
218	53 
219	4 
220	13 
221	63 
222	71 
223	19 
224	41 
225	44 
226	21 
227	86 
228	86 
229	80 
230	61 
231	65 
232	32 
233	93 
234	46 
235	89 
236	24 
237	27 
238	8 
239	79 
240	56 
241	85 
242	13 
243	80 
244	100 
245	60 
246	72 
247	89 
248	14 
249	85 
250	54 
251	71 
252	22 
253	48 
254	8 
255	58 
256	38 
257	87 
258	46 
259	22 
260	82 
261	101 
262	95 
263	17 
264	93 
265	52 
266	86 
267	31 
268	26 
269	51 
270	30 
271	50 
272	19 
273	51 
274	56 
275	91 
276	64 
277	82 
278	75 
279	103 
280	53 
281	90 
282	66 
283	57 
284	41 
285	21 
286	3 
287	19 
288	24 
289	79 
290	49 
291	45 
292	34 
293	58 
294	48 
295	64 
296	5 
297	19 
298	60 
299	45 
300	2 
301	92 
302	18 
303	19 
304	28 
305	55 
306	51 
307	96 
308	37 
309	82 
310	17 
311	60 
312	55 
313	44 
314	30 
315	13 
316	52 
317	75 
318	4 
319	7 
320	72 
321	75 
322	24 
323	66 
324	30 
325	71 
326	26 
327	102 
328	41 
329	9 
330	30 
331	24 
332	47 
333	79 
334	19 
335	2 
336	51 
337	30 
338	78 
339	54 
340	83 
341	14 
342	82 
343	63 
344	48 
345	29 
346	21 
347	61 
348	95 
349	26 
350	38 
351	55 
352	15 
353	93 
354	103 
355	78 
356	26 
357	17 
358	50 
359	6 
360	65 
361	85 
362	84 
363	41 
364	14 
365	63 
366	15 
367	91 
368	55 
369	8 
370	90 
371	85 
372	50 
373	93 
374	85 
375	31 
376	54 
377	10 
378	103 
379	36 
380	43 
381	29 
382	28 
383	47 
384	15 
385	64 
386	104 
387	25 
388	90 
389	62 
390	87 
391	31 
392	21 
393	38 
394	14 
395	44 
396	38 
397	45 
398	80 
399	13 
400	97 
401	25 
402	102 
403	33 
404	45 
405	38 
406	92 
407	38 
408	3 
409	49 
410	81 
411	84 
412	4 
413	81 
414	90 
415	66 
416	50 
417	50 
418	56 
419	43 
420	32 
421	73 
422	75 
423	103 
424	32 
425	32 
426	19 
427	69 
428	76 
429	97 
430	40 
431	57 
432	61 
433	72 
434	31 
435	85 
436	100 
437	29 
438	29 
439	65 
440	38 
441	104 
442	31 
443	83 
444	2 
445	5 
446	72 
447	32 
448	8 
449	48 
450	43 
451	45 
452	43 
453	55 
454	17 
455	55 
456	14 
457	25 
458	82 
459	89 
460	21 
461	52 
462	35 
463	7 
464	21 
465	84 
466	13 
467	32 
468	84 
469	29 
470	50 
471	102 
472	66 
473	40 
474	5 
475	43 
476	83 
477	15 
478	57 
479	96 
480	101 
481	89 
482	50 
483	90 
484	17 
485	48 
486	6 
487	69 
488	39 
489	86 
490	95 
491	92 
492	59 
493	69 
494	14 
495	80 
496	35 
497	16 
498	88 
499	7 
500	32 
501	55 
502	84 
503	27 
504	96 
505	54 
506	93 
507	56 
508	14 
509	22 
510	13 
511	74 
512	4 
513	6 
514	51 
515	34 
516	13 
517	61 
518	46 
519	74 
520	3 
521	59 
522	45 
523	44 
524	30 
525	80 
526	53 
527	14 
528	21 
529	99 
530	19 
531	53 
532	102 
533	83 
534	51 
535	11 
536	64 
537	57 
538	39 
539	38 
540	57 
541	46 
542	16 
543	57 
544	80 
545	51 
546	15 
547	88 
548	101 
549	83 
550	74 
551	7 
552	5 
553	58 
554	21 
555	72 
556	71 
557	95 
558	46 
559	34 
560	41 
561	34 
562	41 
563	19 
564	92 
565	19 
566	103 
567	101 
568	74 
569	100 
570	71 
571	38 
572	45 
573	103 
574	60 
575	72 
576	79 
577	18 
578	29 
579	64 
580	85 
581	4 
582	62 
583	2 
584	25 
585	75 
586	76 
587	56 
588	88 
589	59 
590	64 
591	19 
592	46 
593	55 
594	59 
595	32 
596	38 
597	38 
598	58 
599	23 
600	72 
601	66 
602	85 
603	102 
604	99 
605	96 
606	62 
607	61 
608	36 
609	55 
610	35 
611	81 
612	46 
613	53 
614	63 
615	23 
616	85 
617	55 
618	72 
619	78 
620	56 
621	45 
622	45 
623	46 
624	17 
625	67 
626	73 
627	59 
628	63 
629	32 
630	59 
631	103 
632	66 
633	69 
634	85 
635	10 
636	23 
637	95 
638	75 
639	3 
640	16 
641	25 
642	91 
643	100 
644	6 
645	91 
646	4 
647	91 
648	103 
649	95 
650	19 
651	59 
652	58 
653	73 
654	15 
655	19 
656	57 
657	94 
658	76 
659	53 
660	76 
661	36 
662	17 
663	38 
664	71 
665	81 
666	8 
667	58 
668	30 
669	21 
670	96 
671	82 
672	46 
673	48 
674	84 
675	62 
676	99 
677	62 
678	59 
679	43 
680	9 
681	92 
682	80 
683	97 
684	12 
685	50 
686	70 
687	66 
688	66 
689	34 
690	15 
691	57 
692	20 
693	77 
694	38 
695	13 
696	60 
697	89 
698	57 
699	13 
700	78 
701	38 
702	99 
703	50 
704	11 
705	64 
706	103 
707	53 
708	92 
709	14 
710	10 
711	56 
712	41 
713	85 
714	45 
715	66 
716	46 
717	14 
718	32 
719	61 
720	58 
721	57 
722	73 
723	60 
724	13 
725	16 
726	59 
727	35 
728	71 
729	41 
730	11 
731	63 
732	33 
733	51 
734	84 
735	46 
736	90 
737	80 
738	67 
739	34 
740	15 
741	27 
742	98 
743	75 
744	50 
745	97 
746	11 
747	53 
748	68 
749	57 
750	19 
751	17 
752	45 
753	102 
754	6 
755	67 
756	2 
757	40 
758	43 
759	46 
760	53 
761	90 
762	11 
763	19 
764	47 
765	90 
766	57 
767	34 
768	7 
769	65 
770	41 
771	75 
772	3 
773	46 
774	57 
775	19 
776	16 
777	2 
778	13 
779	97 
780	4 
781	59 
782	69 
783	58 
784	43 
785	38 
786	31 
787	41 
788	96 
789	46 
790	99 
791	94 
792	78 
793	54 
794	46 
795	31 
796	98 
797	45 
798	79 
799	56 
800	41 
801	104 
802	81 
803	13 
804	34 
805	68 
806	100 
807	80 
808	5 
809	85 
810	64 
811	51 
812	101 
813	85 
814	43 
815	80 
816	28 
817	50 
818	93 
819	49 
820	34 
821	66 
822	85 
823	93 
824	8 
825	12 
826	38 
827	31 
828	63 
829	11 
830	49 
831	52 
832	38 
833	45 
834	45 
835	30 
836	82 
837	66 
838	5 
839	4 
840	56 
841	55 
842	65 
843	21 
844	38 
845	46 
846	19 
847	71 
848	61 
849	60 
850	98 
851	84 
852	20 
853	103 
854	65 
855	26 
856	70 
857	60 
858	64 
859	14 
860	98 
861	15 
862	58 
863	10 
864	17 
865	89 
866	71 
867	72 
868	27 
869	56 
870	6 
871	43 
872	23 
873	7 
874	13 
875	30 
876	61 
877	89 
878	35 
879	104 
880	100 
881	30 
882	16 
883	11 
884	41 
885	104 
886	74 
887	82 
888	57 
889	59 
890	90 
891	34 
892	45 
893	26 
894	34 
895	21 
896	85 
897	62 
898	40 
899	50 
900	102 
901	42 
902	31 
903	87 
904	64 
905	50 
906	34 
907	46 
908	12 
909	52 
910	17 
911	71 
912	70 
913	85 
914	2 
915	18 
916	15 
917	66 
918	95 
919	60 
920	48 
921	101 
922	5 
923	12 
924	21 
925	21 
926	34 
927	66 
928	11 
929	92 
930	74 
931	77 
932	56 
933	71 
934	102 
935	76 
936	22 
937	10 
938	92 
939	49 
940	34 
941	12 
942	90 
943	48 
944	97 
945	97 
946	60 
947	38 
948	60 
949	18 
950	98 
951	45 
952	92 
953	90 
954	24 
955	69 
956	16 
957	52 
958	53 
959	27 
960	98 
961	3 
962	53 
963	82 
964	86 
965	17 
966	50 
967	87 
968	21 
969	34 
970	87 
971	70 
972	24 
973	57 
974	80 
975	7 
976	63 
977	41 
978	46 
979	102 
980	69 
981	84 
982	19 
983	79 
984	44 
985	89 
986	74 
987	81 
988	26 
989	85 
990	49 
991	86 
992	28 
993	1 
994	89 
995	37 
996	63 
997	68 
998	6 
999	50 
1000	98 
1001	5 
1002	16 
1003	25 
1004	82 
1005	43 
1006	55 
1007	7 
1008	56 
1009	19 
1010	84 
1011	83 
1012	43 
1013	75 
1014	38 
1015	83 
1016	8 
1017	41 
1018	84 
1019	82 
1020	33 
1021	9 
1022	31 
1023	64 
1024	38 
1025	24 
1026	7 
1027	83 
1028	5 
1029	30 
1030	78 
1031	60 
1032	36 
1033	55 
1034	75 
1035	44 
1036	77 
1037	72 
1038	44 
1039	39 
1040	91 
1041	30 
1042	97 
1043	76 
1044	2 
1045	53 
1046	79 
1047	63 
1048	74 
1049	46 
1050	71 
1051	90 
1052	52 
1053	56 
1054	6 
1055	5 
1056	96 
1057	33 
1058	56 
1059	2 
1060	76 
1061	90 
1062	30 
1063	28 
1064	23 
1065	72 
1066	24 
1067	41 
1068	5 
1069	101 
1070	34 
1071	65 
1072	92 
1073	97 
1074	72 
1075	72 
1076	19 
1077	71 
1078	16 
1079	81 
1080	45 
1081	64 
1082	55 
1083	61 
1084	54 
1085	58 
1086	84 
1087	85 
1088	92 
1089	14 
1090	64 
1091	30 
1092	14 
1093	64 
1094	40 
1095	32 
1096	13 
1097	45 
1098	42 
1099	61 
1100	36 
1101	81 
1102	43 
1103	61 
1104	50 
1105	66 
1106	44 
1107	63 
1108	92 
1109	46 
1110	102 
1111	45 
1112	51 
1113	26 
1114	15 
1115	71 
1116	5 
1117	77 
1118	9 
1119	54 
1120	42 
1121	64 
1122	41 
1123	34 
1124	21 
1125	83 
1126	77 
1127	26 
1128	27 
1129	54 
1130	38 
1131	9 
1132	76 
1133	50 
1134	47 
1135	17 
1136	5 
1137	34 
1138	18 
1139	60 
1140	62 
1141	72 
1142	89 
1143	85 
1144	55 
1145	87 
1146	1 
1147	78 
1148	54 
1149	53 
1150	25 
1151	38 
1152	53 
1153	61 
1154	64 
1155	15 
1156	59 
1157	55 
1158	20 
1159	3 
1160	64 
1161	44 
1162	20 
1163	90 
1164	3 
1165	51 
1166	103 
1167	34 
1168	18 
1169	84 
1170	57 
1171	28 
1172	100 
1173	67 
1174	17 
1175	45 
1176	83 
1177	52 
1178	7 
1179	21 
1180	24 
1181	60 
1182	55 
1183	18 
1184	93 
1185	66 
1186	34 
1187	22 
1188	98 
1189	49 
1190	83 
1191	8 
1192	99 
1193	99 
1194	14 
1195	87 
1196	50 
1197	100 
1198	100 
1199	32 
1200	63 
1201	47 
1202	16 
1203	104 
1204	77 
1205	28 
1206	90 
1207	60 
1208	56 
1209	67 
1210	54 
1211	28 
1212	64 
1213	4 
1214	53 
1215	74 
1216	55 
1217	103 
1218	33 
1219	53 
1220	15 
1221	45 
1222	34 
1223	100 
1224	17 
1225	67 
1226	31 
1227	46 
1228	38 
1229	92 
1230	15 
1231	66 
1232	32 
1233	21 
1234	68 
1235	56 
1236	11 
1237	63 
1238	35 
1239	30 
1240	23 
1241	25 
1242	33 
1243	37 
1244	41 
1245	67 
1246	67 
1247	52 
1248	102 
1249	84 
1250	80 
1251	69 
1252	78 
1253	15 
1254	75 
1255	35 
1256	21 
1257	29 
1258	82 
1259	89 
1260	7 
1261	43 
1262	32 
1263	46 
1264	79 
1265	33 
1266	96 
1267	28 
1268	58 
1269	71 
1270	68 
1271	69 
1272	85 
1273	68 
1274	87 
1275	98 
1276	37 
1277	95 
1278	76 
1279	89 
1280	23 
1281	15 
1282	30 
1283	3 
1284	69 
1285	5 
1286	53 
1287	21 
1288	61 
1289	103 
1290	51 
1291	49 
1292	32 
1293	8 
1294	3 
1295	58 
1296	83 
1297	43 
1298	88 
1299	19 
1300	71 
1301	44 
1302	35 
1303	9 
1304	51 
1305	53 
1306	79 
1307	48 
1308	85 
1309	103 
1310	73 
1311	88 
1312	80 
1313	28 
1314	64 
1315	61 
1316	46 
1317	19 
1318	15 
1319	94 
1320	58 
1321	51 
1322	75 
1323	102 
1324	65 
1325	67 
1326	43 
1327	92 
1328	5 
1329	97 
1330	14 
1331	47 
1332	29 
1333	33 
1334	40 
1335	29 
1336	82 
1337	52 
1338	34 
1339	42 
1340	102 
1341	23 
1342	33 
1343	6 
1344	91 
1345	52 
1346	104 
1347	45 
1348	12 
1349	55 
1350	35 
1351	18 
1352	57 
1353	32 
1354	63 
1355	19 
1356	14 
1357	79 
1358	45 
1359	11 
1360	41 
1361	33 
1362	88 
1363	53 
1364	46 
1365	68 
1366	41 
1367	58 
1368	76 
1369	13 
1370	34 
1371	96 
1372	24 
1373	31 
1374	60 
1375	85 
1376	40 
1377	15 
1378	86 
1379	93 
1380	88 
1381	60 
1382	93 
1383	83 
1384	23 
1385	56 
1386	14 
1387	44 
1388	3 
1389	44 
1390	44 
1391	57 
1392	23 
1393	30 
1394	72 
1395	48 
1396	67 
1397	85 
1398	79 
1399	82 
1400	27 
1401	36 
1402	46 
1403	65 
1404	102 
1405	12 
1406	53 
1407	34 
1408	16 
1409	39 
1410	80 
1411	61 
1412	19 
1413	18 
1414	104 
1415	17 
1416	84 
1417	31 
1418	17 
1419	57 
1420	59 
1421	38 
1422	98 
1423	14 
1424	31 
1425	5 
1426	34 
1427	84 
1428	80 
1429	79 
1430	21 
1431	53 
1432	91 
1433	28 
1434	35 
1435	89 
1436	3 
1437	13 
1438	85 
1439	95 
1440	102 
1441	43 
1442	44 
1443	23 
1444	5 
1445	46 
1446	92 
1447	71 
1448	28 
1449	63 
1450	42 
1451	59 
1452	63 
1453	30 
1454	34 
1455	46 
1456	47 
1457	55 
1458	75 
1459	76 
1460	39 
1461	38 
1462	49 
1463	31 
1464	82 
1465	55 
1466	49 
1467	81 
1468	64 
1469	51 
1470	15 
1471	56 
1472	68 
1473	58 
1474	62 
1475	65 
1476	83 
1477	73 
1478	62 
1479	69 
1480	15 
1481	56 
1482	89 
1483	15 
1484	103 
1485	16 
1486	54 
1487	69 
1488	58 
1489	49 
1490	49 
1491	74 
1492	17 
1493	45 
1494	66 
1495	19 
1496	60 
1497	11 
1498	80 
1499	87 
1500	78 
1501	61 
1502	85 
1503	2 
1504	17 
1505	14 
1506	17 
1507	80 
1508	88 
1509	13 
1510	50 
1511	80 
1512	7 
1513	2 
1514	66 
1515	104 
1516	8 
1517	66 
1518	32 
1519	98 
1520	13 
1521	31 
1522	53 
1523	76 
1524	1 
1525	70 
1526	72 
1527	12 
1528	69 
1529	31 
1530	60 
1531	21 
1532	33 
1533	41 
1534	56 
1535	69 
1536	38 
1537	44 
1538	31 
1539	70 
1540	66 
1541	84 
1542	16 
1543	60 
1544	41 
1545	38 
1546	16 
1547	11 
1548	96 
1549	16 
1550	5 
1551	45 
1552	40 
1553	93 
1554	39 
1555	49 
1556	19 
1557	56 
1558	61 
1559	61 
1560	1 
1561	101 
1562	84 
1563	19 
1564	31 
1565	74 
1566	85 
1567	47 
1568	44 
1569	103 
1570	61 
1571	90 
1572	55 
1573	85 
1574	82 
1575	79 
1576	92 
1577	11 
1578	76 
1579	79 
1580	35 
1581	69 
1582	12 
1583	1 
1584	78 
1585	38 
1586	38 
1587	46 
1588	64 
1589	45 
1590	19 
1591	29 
1592	28 
1593	98 
1594	1 
1595	17 
1596	15 
1597	53 
1598	55 
1599	28 
1600	3 
1601	43 
1602	92 
1603	11 
1604	18 
1605	49 
1606	22 
1607	30 
1608	68 
1609	63 
1610	41 
1611	73 
1612	15 
1613	43 
1614	83 
1615	101 
1616	95 
1617	82 
1618	98 
1619	80 
1620	74 
1621	50 
1622	66 
1623	10 
1624	80 
1625	90 
1626	83 
1627	17 
1628	82 
1629	101 
1630	21 
1631	14 
1632	56 
1633	35 
1634	84 
1635	18 
1636	49 
1637	96 
1638	62 
1639	2 
1640	56 
1641	99 
1642	13 
1643	69 
1644	19 
1645	50 
1646	27 
1647	87 
1648	1 
1649	69 
1650	34 
1651	58 
1652	9 
1653	59 
1654	71 
1655	13 
1656	19 
1657	58 
1658	16 
1659	80 
1660	100 
1661	39 
1662	19 
1663	102 
1664	50 
1665	45 
1666	37 
1667	61 
1668	7 
1669	8 
1670	64 
1671	90 
1672	19 
1673	79 
1674	45 
1675	44 
1676	31 
1677	35 
1678	58 
1679	50 
1680	88 
1681	58 
1682	34 
1683	66 
1684	89 
1685	53 
1686	98 
1687	50 
1688	82 
1689	26 
1690	99 
1691	67 
1692	15 
1693	37 
1694	79 
1695	69 
1696	71 
1697	39 
1698	14 
1699	102 
1700	13 
1701	101 
1702	93 
1703	35 
1704	28 
1705	19 
1706	45 
1707	46 
1708	74 
1709	38 
1710	86 
1711	88 
1712	74 
1713	88 
1714	82 
1715	16 
1716	62 
1717	53 
1718	76 
1719	45 
1720	96 
1721	8 
1722	90 
1723	77 
1724	59 
1725	8 
1726	69 
1727	94 
1728	42 
1729	47 
1730	62 
1731	85 
1732	28 
1733	90 
1734	45 
1735	31 
1736	51 
1737	46 
1738	15 
1739	31 
1740	39 
1741	48 
1742	42 
1743	86 
1744	67 
1745	98 
1746	30 
1747	10 
1748	16 
1749	64 
1750	61 
1751	49 
1752	16 
1753	53 
1754	102 
1755	52 
1756	17 
1757	19 
1758	88 
1759	87 
1760	66 
1761	40 
1762	41 
1763	30 
1764	55 
1765	34 
1766	76 
1767	103 
1768	30 
1769	32 
1770	12 
1771	18 
1772	88 
1773	71 
1774	79 
1775	53 
1776	42 
1777	52 
1778	49 
1779	64 
1780	27 
1781	61 
1782	57 
1783	49 
1784	48 
1785	54 
1786	45 
1787	92 
1788	40 
1789	30 
1790	104 
1791	84 
1792	74 
1793	102 
1794	38 
1795	49 
1796	19 
1797	75 
1798	84 
1799	101 
1800	15 
1801	53 
1802	31 
1803	34 
1804	39 
1805	49 
1806	77 
1807	53 
1808	50 
1809	47 
1810	90 
1811	56 
1812	21 
1813	71 
1814	30 
1815	82 
1816	69 
1817	103 
1818	9 
1819	76 
1820	2 
1821	85 
1822	94 
1823	30 
1824	83 
1825	94 
1826	9 
1827	49 
1828	81 
1829	50 
1830	15 
1831	87 
1832	30 
1833	6 
1834	66 
1835	57 
1836	50 
1837	37 
1838	66 
1839	89 
1840	85 
1841	103 
1842	45 
1843	103 
1844	89 
1845	13 
1846	41 
1847	93 
1848	43 
1849	20 
1850	52 
1851	38 
1852	43 
1853	14 
1854	43 
1855	40 
1856	89 
1857	102 
1858	41 
1859	64 
1860	6 
1861	10 
1862	42 
1863	21 
1864	6 
1865	15 
1866	103 
1867	94 
1868	71 
1869	84 
1870	38 
1871	71 
1872	46 
1873	66 
1874	34 
1875	90 
1876	53 
1877	62 
1878	88 
1879	21 
1880	42 
1881	27 
1882	30 
1883	55 
1884	83 
1885	83 
1886	99 
1887	37 
1888	28 
1889	72 
1890	50 
1891	97 
1892	17 
1893	85 
1894	11 
1895	35 
1896	89 
1897	103 
1898	72 
1899	56 
1900	47 
1901	79 
1902	94 
1903	78 
1904	12 
1905	53 
1906	25 
1907	8 
1908	65 
1909	62 
1910	10 
1911	74 
1912	82 
1913	71 
1914	42 
1915	77 
1916	21 
1917	102 
1918	88 
1919	104 
1920	44 
1921	84 
1922	3 
1923	103 
1924	2 
1925	16 
1926	73 
1927	53 
1928	101 
1929	1 
1930	93 
1931	26 
1932	44 
1933	49 
1934	31 
1935	61 
1936	45 
1937	8 
1938	92 
1939	53 
1940	77 
1941	47 
1942	7 
1943	20 
1944	60 
1945	73 
1946	85 
1947	43 
1948	52 
1949	37 
1950	77 
1951	20 
1952	47 
1953	56 
1954	15 
1955	46 
1956	46 
1957	38 
1958	16 
1959	46 
1960	2 
1961	31 
1962	38 
1963	61 
1964	30 
1965	95 
1966	34 
1967	103 
1968	81 
1969	48 
1970	77 
1971	68 
1972	17 
1973	89 
1974	19 
1975	38 
1976	45 
1977	103 
1978	30 
1979	102 
1980	45 
1981	104 
1982	85 
1983	21 
1984	90 
1985	90 
1986	30 
1987	88 
1988	13 
1989	49 
1990	64 
1991	53 
1992	49 
1993	22 
1994	102 
1995	93 
1996	13 
1997	36 
1998	7 
1999	15 
2000	43 
2001	50 
2002	23 
2003	53 
2004	84 
2005	19 
2006	53 
2007	52 
2008	26 
2009	4 
2010	55 
2011	54 
2012	80 
2013	34 
2014	48 
2015	70 
2016	85 
2017	46 
2018	96 
2019	75 
2020	56 
2021	15 
2022	7 
2023	13 
2024	81 
2025	49 
2026	16 
2027	72 
2028	15 
2029	101 
2030	58 
2031	71 
2032	75 
2033	27 
2034	57 
2035	74 
2036	9 
2037	1 
2038	80 
2039	102 
2040	13 
2041	30 
2042	69 
2043	61 
2044	49 
2045	104 
2046	10 
2047	27 
2048	103 
2049	69 
2050	76 
2051	63 
2052	48 
2053	94 
2054	55 
2055	22 
2056	25 
2057	93 
2058	31 
2059	64 
2060	28 
2061	53 
2062	32 
2063	45 
2064	98 
2065	59 
2066	44 
2067	53 
2068	49 
2069	15 
2070	86 
2071	58 
2072	94 
2073	21 
2074	5 
2075	89 
2076	70 
2077	88 
2078	2 
2079	19 
2080	70 
2081	33 
2082	84 
2083	8 
2084	11 
2085	81 
2086	71 
2087	84 
2088	88 
2089	13 
2090	82 
2091	11 
2092	62 
2093	71 
2094	73 
2095	62 
2096	39 
2097	94 
2098	10 
2099	90 
2100	64 
2101	51 
2102	84 
2103	15 
2104	34 
2105	30 
2106	89 
2107	67 
2108	82 
2109	65 
2110	61 
2111	53 
2112	56 
2113	93 
2114	68 
2115	88 
2116	3 
2117	33 
2118	49 
2119	45 
2120	23 
2121	22 
2122	71 
2123	34 
2124	64 
2125	70 
2126	98 
2127	8 
2128	84 
2129	85 
2130	14 
2131	69 
2132	9 
2133	5 
2134	69 
2135	92 
2136	55 
2137	7 
2138	79 
2139	60 
2140	61 
2141	61 
2142	102 
2143	31 
2144	89 
2145	95 
2146	43 
2147	36 
2148	36 
2149	61 
2150	66 
2151	15 
2152	102 
2153	21 
2154	83 
2155	49 
2156	31 
2157	49 
2158	50 
2159	93 
2160	46 
2161	87 
2162	17 
2163	58 
2164	95 
2165	82 
2166	81 
2167	44 
2168	83 
2169	83 
2170	85 
2171	80 
2172	90 
2173	51 
2174	60 
2175	46 
2176	39 
2177	41 
2178	38 
2179	22 
2180	12 
2181	36 
2182	60 
2183	4 
2184	53 
2185	41 
2186	38 
2187	50 
2188	87 
2189	71 
2190	86 
2191	67 
2192	40 
2193	66 
2194	8 
2195	101 
2196	41 
2197	88 
2198	72 
2199	79 
2200	74 
2201	7 
2202	87 
2203	21 
2204	104 
2205	23 
2206	44 
2207	76 
2208	73 
2209	80 
2210	45 
2211	102 
2212	57 
2213	56 
2214	30 
2215	15 
2216	71 
2217	64 
2218	85 
2219	32 
2220	85 
2221	63 
2222	45 
2223	71 
2224	26 
2225	21 
2226	71 
2227	50 
2228	6 
2229	4 
2230	58 
2231	96 
2232	18 
2233	2 
2234	15 
2235	19 
2236	64 
2237	69 
2238	41 
2239	55 
2240	53 
2241	43 
2242	92 
2243	71 
2244	18 
2245	54 
2246	85 
2247	38 
2248	90 
2249	35 
2250	84 
2251	80 
2252	102 
2253	89 
2254	59 
2255	69 
2256	98 
2257	7 
2258	69 
2259	55 
2260	78 
2261	66 
2262	21 
2263	8 
2264	82 
2265	46 
2266	85 
2267	90 
2268	95 
2269	13 
2270	62 
2271	57 
2272	41 
2273	1 
2274	69 
2275	98 
2276	84 
2277	78 
2278	75 
2279	29 
2280	77 
2281	2 
2282	45 
2283	6 
2284	60 
2285	28 
2286	66 
2287	62 
2288	80 
2289	33 
2290	43 
2291	9 
2292	72 
2293	30 
2294	53 
2295	54 
2296	80 
2297	7 
2298	55 
2299	85 
2300	64 
2301	55 
2302	64 
2303	103 
2304	96 
2305	71 
2306	42 
2307	94 
2308	85 
2309	5 
2310	5 
2311	34 
2312	13 
2313	14 
2314	38 
2315	81 
2316	80 
2317	31 
2318	30 
2319	98 
2320	69 
2321	19 
2322	33 
2323	84 
2324	87 
2325	47 
2326	10 
2327	94 
2328	2 
2329	4 
2330	61 
2331	104 
2332	85 
2333	23 
2334	39 
2335	80 
2336	31 
2337	84 
2338	76 
2339	64 
2340	47 
2341	68 
2342	43 
2343	9 
2344	86 
2345	71 
2346	18 
2347	30 
2348	71 
2349	12 
2350	49 
2351	61 
2352	95 
2353	102 
2354	103 
2355	88 
2356	95 
2357	37 
2358	76 
2359	7 
2360	70 
2361	30 
2362	25 
2363	72 
2364	14 
2365	61 
2366	11 
2367	85 
2368	21 
2369	4 
2370	6 
2371	21 
2372	17 
2373	100 
2374	1 
2375	82 
2376	84 
2377	69 
2378	26 
2379	103 
2380	10 
2381	19 
2382	41 
2383	71 
2384	22 
2385	77 
2386	82 
2387	62 
2388	41 
2389	56 
2390	60 
2391	100 
2392	18 
2393	70 
2394	9 
2395	79 
2396	36 
2397	103 
2398	24 
2399	21 
2400	14 
2401	54 
2402	56 
2403	85 
2404	85 
2405	72 
2406	6 
2407	104 
2408	101 
2409	45 
2410	79 
2411	51 
2412	21 
2413	90 
2414	15 
2415	81 
2416	50 
2417	58 
2418	31 
2419	87 
2420	76 
2421	55 
2422	45 
2423	36 
2424	44 
2425	89 
2426	50 
2427	102 
2428	88 
2429	84 
2430	28 
2431	92 
2432	77 
2433	43 
2434	98 
2435	38 
2436	72 
2437	61 
2438	33 
2439	50 
2440	38 
2441	8 
2442	21 
2443	41 
2444	97 
2445	75 
2446	34 
2447	21 
2448	15 
2449	77 
2450	55 
2451	11 
2452	28 
2453	38 
2454	56 
2455	27 
2456	79 
2457	96 
2458	36 
2459	90 
2460	104 
2461	53 
2462	51 
2463	64 
2464	84 
2465	82 
2466	104 
2467	47 
2468	74 
2469	7 
2470	40 
2471	7 
2472	72 
2473	48 
2474	93 
2475	31 
2476	9 
2477	80 
2478	19 
2479	79 
2480	83 
2481	14 
2482	60 
2483	64 
2484	47 
2485	72 
2486	30 
2487	61 
2488	33 
2489	34 
2490	74 
2491	29 
2492	34 
2493	65 
2494	85 
2495	30 
2496	58 
2497	35 
2498	16 
2499	67 
2500	17 
2501	60 
2502	81 
2503	100 
2504	22 
2505	56 
2506	61 
2507	80 
2508	37 
2509	46 
2510	89 
2511	61 
2512	24 
2513	45 
2514	70 
2515	13 
2516	49 
2517	3 
2518	85 
2519	85 
2520	13 
2521	5 
2522	71 
2523	58 
2524	61 
2525	14 
2526	66 
2527	13 
2528	104 
2529	21 
2530	88 
2531	61 
2532	55 
2533	93 
2534	45 
2535	16 
2536	55 
2537	69 
2538	61 
2539	91 
2540	24 
2541	21 
2542	14 
2543	13 
2544	64 
2545	43 
2546	81 
2547	69 
2548	15 
2549	21 
2550	103 
2551	7 
2552	7 
2553	51 
2554	55 
2555	97 
2556	102 
2557	50 
2558	35 
2559	5 
2560	21 
2561	46 
2562	9 
2563	3 
2564	77 
2565	46 
2566	60 
2567	84 
2568	8 
2569	97 
2570	66 
2571	24 
2572	61 
2573	95 
2574	1 
2575	81 
2576	35 
2577	67 
2578	58 
2579	19 
2580	60 
2581	56 
2582	43 
2583	16 
2584	93 
2585	81 
2586	17 
2587	61 
2588	66 
2589	44 
2590	54 
2591	13 
2592	11 
2593	18 
2594	67 
2595	7 
2596	51 
2597	52 
2598	50 
2599	82 
2600	74 
2601	84 
2602	14 
2603	100 
2604	59 
2605	27 
2606	80 
2607	67 
2608	41 
2609	17 
2610	59 
2611	89 
2612	55 
2613	41 
2614	81 
2615	90 
2616	39 
2617	15 
2618	60 
2619	10 
2620	90 
2621	102 
2622	80 
2623	68 
2624	15 
2625	102 
2626	15 
2627	2 
2628	70 
2629	23 
2630	3 
2631	19 
2632	66 
2633	61 
2634	23 
2635	90 
2636	58 
2637	64 
2638	55 
2639	72 
2640	6 
2641	74 
2642	101 
2643	50 
2644	24 
2645	42 
2646	84 
2647	27 
2648	41 
2649	51 
2650	72 
2651	70 
2652	75 
2653	73 
2654	17 
2655	67 
2656	86 
2657	82 
2658	28 
2659	35 
2660	41 
2661	97 
2662	65 
2663	29 
2664	41 
2665	91 
2666	23 
2667	14 
2668	56 
2669	80 
2670	14 
2671	93 
2672	103 
2673	64 
2674	29 
2675	47 
2676	56 
2677	78 
2678	88 
2679	48 
2680	8 
2681	81 
2682	91 
2683	78 
2684	33 
2685	89 
2686	17 
2687	53 
2688	45 
2689	78 
2690	31 
2691	17 
2692	32 
2693	80 
2694	83 
2695	39 
2696	84 
2697	30 
2698	72 
2699	15 
2700	103 
2701	104 
2702	21 
2703	59 
2704	58 
2705	55 
2706	34 
2707	66 
2708	6 
2709	27 
2710	13 
2711	84 
2712	101 
2713	26 
2714	86 
2715	15 
2716	2 
2717	85 
2718	16 
2719	75 
2720	15 
2721	84 
2722	85 
2723	56 
2724	83 
2725	58 
2726	62 
2727	84 
2728	9 
2729	89 
2730	31 
2731	41 
2732	18 
2733	103 
2734	32 
2735	9 
2736	28 
2737	41 
2738	11 
2739	101 
2740	85 
2741	76 
2742	79 
2743	63 
2744	89 
2745	103 
2746	14 
2747	17 
2748	63 
2749	45 
2750	46 
2751	16 
2752	78 
2753	60 
2754	102 
2755	35 
2756	89 
2757	41 
2758	100 
2759	6 
2760	21 
2761	103 
2762	12 
2763	3 
2764	58 
2765	52 
2766	92 
2767	77 
2768	20 
2769	56 
2770	58 
2771	41 
2772	53 
2773	32 
2774	92 
2775	6 
2776	89 
2777	38 
2778	82 
2779	90 
2780	98 
2781	1 
2782	16 
2783	65 
2784	34 
2785	80 
2786	73 
2787	56 
2788	69 
2789	68 
2790	13 
2791	84 
2792	8 
2793	15 
2794	88 
2795	19 
2796	21 
2797	11 
2798	101 
2799	44 
2800	46 
2801	30 
2802	46 
2803	56 
2804	58 
2805	28 
2806	13 
2807	52 
2808	76 
2809	91 
2810	34 
2811	103 
2812	8 
2813	17 
2814	62 
2815	30 
2816	57 
2817	88 
2818	25 
2819	93 
2820	3 
2821	49 
2822	42 
2823	87 
2824	37 
2825	54 
2826	95 
2827	66 
2828	57 
2829	79 
2830	63 
2831	72 
2832	86 
2833	38 
2834	66 
2835	45 
2836	13 
2837	19 
2838	82 
2839	97 
2840	34 
2841	85 
2842	103 
2843	34 
2844	89 
2845	16 
2846	85 
2847	72 
2848	52 
2849	55 
2850	18 
2851	99 
2852	49 
2853	71 
2854	48 
2855	21 
2856	71 
2857	38 
2858	38 
2859	2 
2860	84 
2861	69 
2862	45 
2863	92 
2864	3 
2865	49 
2866	89 
2867	53 
2868	76 
2869	34 
2870	31 
2871	104 
2872	20 
2873	31 
2874	53 
2875	11 
2876	20 
2877	21 
2878	7 
2879	85 
2880	28 
2881	10 
2882	88 
2883	103 
2884	69 
2885	79 
2886	34 
2887	64 
2888	15 
2889	7 
2890	41 
2891	23 
2892	41 
2893	74 
2894	69 
2895	87 
2896	61 
2897	56 
2898	42 
2899	38 
2900	80 
2901	65 
2902	53 
2903	78 
2904	16 
2905	84 
2906	71 
2907	15 
2908	42 
2909	71 
2910	45 
2911	47 
2912	38 
2913	25 
2914	15 
2915	53 
2916	15 
2917	82 
2918	53 
2919	40 
2920	19 
2921	80 
2922	36 
2923	79 
2924	30 
2925	22 
2926	52 
2927	80 
2928	84 
2929	94 
2930	88 
2931	6 
2932	84 
2933	3 
2934	27 
2935	43 
2936	64 
2937	72 
2938	66 
2939	71 
2940	63 
2941	92 
2942	72 
2943	69 
2944	60 
2945	53 
2946	22 
2947	88 
2948	103 
2949	69 
2950	58 
2951	71 
2952	92 
2953	77 
2954	85 
2955	85 
2956	42 
2957	18 
2958	63 
2959	72 
2960	56 
2961	89 
2962	11 
2963	52 
2964	85 
2965	84 
2966	61 
2967	46 
2968	49 
2969	27 
2970	8 
2971	20 
2972	63 
2973	59 
2974	69 
2975	17 
2976	37 
2977	41 
2978	38 
2979	66 
2980	100 
2981	40 
2982	91 
2983	71 
2984	21 
2985	41 
2986	77 
2987	30 
2988	40 
2989	61 
2990	69 
2991	35 
2992	97 
2993	2 
2994	47 
2995	83 
2996	98 
2997	73 
2998	18 
2999	19 
3000	52 
3001	94 
3002	37 
3003	15 
3004	88 
3005	18 
3006	33 
3007	40 
3008	89 
3009	36 
3010	30 
3011	20 
3012	85 
3013	39 
3014	57 
3015	5 
3016	46 
3017	83 
3018	64 
3019	11 
3020	47 
3021	71 
3022	22 
3023	56 
3024	14 
3025	6 
3026	61 
3027	6 
3028	84 
3029	64 
3030	54 
3031	13 
3032	53 
3033	55 
3034	89 
3035	71 
3036	104 
3037	43 
3038	7 
3039	39 
3040	81 
3041	6 
3042	81 
3043	28 
3044	38 
3045	84 
3046	65 
3047	5 
3048	31 
3049	15 
3050	54 
3051	10 
3052	85 
3053	32 
3054	46 
3055	66 
3056	1 
3057	34 
3058	48 
3059	14 
3060	57 
3061	84 
3062	68 
3063	79 
3064	30 
3065	78 
3066	75 
3067	13 
3068	102 
3069	84 
3070	63 
3071	56 
3072	12 
3073	41 
3074	2 
3075	80 
3076	40 
3077	45 
3078	53 
3079	59 
3080	16 
3081	80 
3082	38 
3083	16 
3084	13 
3085	81 
3086	49 
3087	102 
3088	90 
3089	45 
3090	73 
3091	84 
3092	15 
3093	38 
3094	76 
3095	82 
3096	57 
3097	35 
3098	82 
3099	89 
3100	87 
3101	14 
3102	38 
3103	16 
3104	5 
3105	41 
3106	41 
3107	94 
3108	53 
3109	75 
3110	66 
3111	47 
3112	84 
3113	21 
3114	76 
3115	19 
3116	104 
3117	85 
3118	84 
3119	4 
3120	103 
3121	92 
3122	83 
3123	45 
3124	15 
3125	56 
3126	81 
3127	55 
3128	69 
3129	69 
3130	41 
3131	103 
3132	55 
3133	11 
3134	104 
3135	13 
3136	74 
3137	7 
3138	56 
3139	51 
3140	72 
3141	72 
3142	61 
3143	43 
3144	16 
3145	72 
3146	28 
3147	71 
3148	10 
3149	83 
3150	30 
3151	71 
3152	15 
3153	15 
3154	33 
3155	60 
3156	90 
3157	52 
3158	30 
3159	83 
3160	75 
3161	50 
3162	89 
3163	10 
3164	67 
3165	45 
3166	76 
3167	62 
3168	53 
3169	17 
3170	89 
3171	31 
3172	103 
3173	34 
3174	104 
3175	84 
3176	33 
3177	60 
3178	71 
3179	65 
3180	52 
3181	56 
3182	78 
3183	102 
3184	69 
3185	80 
3186	41 
3187	27 
3188	63 
3189	57 
3190	67 
3191	96 
3192	104 
3193	103 
3194	21 
3195	16 
3196	50 
3197	101 
3198	49 
3199	41 
3200	58 
3201	83 
3202	55 
3203	79 
3204	56 
3205	13 
3206	68 
3207	45 
3208	98 
3209	93 
3210	69 
3211	65 
3212	36 
3213	70 
3214	74 
3215	23 
3216	44 
3217	38 
3218	5 
3219	80 
3220	84 
3221	2 
3222	69 
3223	22 
3224	95 
3225	70 
3226	21 
3227	53 
3228	101 
3229	84 
3230	33 
3231	19 
3232	47 
3233	58 
3234	13 
3235	55 
3236	95 
3237	32 
3238	3 
3239	25 
3240	97 
3241	97 
3242	57 
3243	80 
3244	51 
3245	38 
3246	53 
3247	73 
3248	45 
3249	44 
3250	45 
3251	63 
3252	30 
3253	53 
3254	5 
3255	7 
3256	4 
3257	57 
3258	84 
3259	91 
3260	21 
3261	60 
3262	90 
3263	30 
3264	80 
3265	52 
3266	13 
3267	70 
3268	26 
3269	29 
3270	21 
3271	50 
3272	32 
3273	71 
3274	68 
3275	19 
3276	31 
3277	75 
3278	85 
3279	34 
3280	64 
3281	68 
3282	32 
3283	88 
3284	80 
3285	11 
3286	77 
3287	84 
3288	82 
3289	51 
3290	3 
3291	81 
3292	84 
3293	31 
3294	100 
3295	39 
3296	87 
3297	44 
3298	53 
3299	83 
3300	28 
3301	37 
3302	66 
3303	15 
3304	26 
3305	40 
3306	30 
3307	86 
3308	45 
3309	43 
3310	7 
3311	60 
3312	36 
3313	3 
3314	95 
3315	18 
3316	25 
3317	90 
3318	68 
3319	53 
3320	52 
3321	96 
3322	79 
3323	12 
3324	84 
3325	90 
3326	72 
3327	55 
3328	39 
3329	97 
3330	46 
3331	17 
3332	21 
3333	82 
3334	5 
3335	7 
3336	61 
3337	86 
3338	86 
3339	56 
3340	15 
3341	42 
3342	58 
3343	14 
3344	53 
3345	3 
3346	3 
3347	14 
3348	83 
3349	46 
3350	19 
3351	102 
3352	73 
3353	57 
3354	18 
3355	19 
3356	79 
3357	91 
3358	20 
3359	66 
3360	36 
3361	44 
3362	73 
3363	88 
3364	23 
3365	81 
3366	19 
3367	48 
3368	15 
3369	55 
3370	6 
3371	53 
3372	61 
3373	53 
3374	61 
3375	30 
3376	57 
3377	20 
3378	84 
3379	82 
3380	39 
3381	15 
3382	69 
3383	9 
3384	2 
3385	84 
3386	53 
3387	26 
3388	31 
3389	95 
3390	24 
3391	79 
3392	68 
3393	41 
3394	49 
3395	104 
3396	24 
3397	54 
3398	56 
3399	30 
3400	42 
3401	41 
3402	102 
3403	41 
3404	81 
3405	14 
3406	81 
3407	13 
3408	104 
3409	66 
3410	23 
3411	71 
3412	43 
3413	55 
3414	99 
3415	82 
3416	21 
3417	16 
3418	93 
3419	31 
3420	12 
3421	21 
3422	17 
3423	80 
3424	79 
3425	49 
3426	63 
3427	72 
3428	55 
3429	22 
3430	13 
3431	58 
3432	45 
3433	75 
3434	13 
3435	46 
3436	30 
3437	25 
3438	90 
3439	48 
3440	56 
3441	1 
3442	31 
3443	69 
3444	71 
3445	75 
3446	17 
3447	60 
3448	97 
3449	81 
3450	85 
3451	22 
3452	21 
3453	41 
3454	82 
3455	15 
3456	41 
3457	1 
3458	60 
3459	30 
3460	43 
3461	55 
3462	102 
3463	59 
3464	98 
3465	81 
3466	74 
3467	18 
3468	59 
3469	28 
3470	72 
3471	97 
3472	20 
3473	7 
3474	71 
3475	68 
3476	71 
3477	76 
3478	50 
3479	21 
3480	45 
3481	49 
3482	1 
3483	57 
3484	21 
3485	62 
3486	36 
3487	102 
3488	37 
3489	12 
3490	49 
3491	17 
3492	13 
3493	38 
3494	43 
3495	14 
3496	88 
3497	88 
3498	56 
3499	61 
3500	11 
3501	94 
3502	78 
3503	83 
3504	88 
3505	66 
3506	66 
3507	53 
3508	74 
3509	28 
3510	89 
3511	4 
3512	98 
3513	33 
3514	45 
3515	15 
3516	80 
3517	31 
3518	2 
3519	3 
3520	48 
3521	13 
3522	55 
3523	38 
3524	28 
3525	63 
3526	44 
3527	38 
3528	21 
3529	41 
3530	46 
3531	2 
3532	60 
3533	59 
3534	16 
3535	14 
3536	104 
3537	85 
3538	46 
3539	53 
3540	46 
3541	78 
3542	60 
3543	52 
3544	30 
3545	60 
3546	85 
3547	20 
3548	72 
3549	15 
3550	19 
3551	64 
3552	76 
3553	72 
3554	63 
3555	23 
3556	83 
3557	25 
3558	69 
3559	16 
3560	16 
3561	34 
3562	67 
3563	77 
3564	68 
3565	19 
3566	51 
3567	37 
3568	8 
3569	47 
3570	85 
3571	58 
3572	51 
3573	15 
3574	61 
3575	74 
3576	85 
3577	55 
3578	76 
3579	23 
3580	45 
3581	19 
3582	25 
3583	71 
3584	101 
3585	69 
3586	92 
3587	38 
3588	75 
3589	50 
3590	50 
3591	59 
3592	10 
3593	26 
3594	31 
3595	41 
3596	24 
3597	92 
3598	84 
3599	60 
3600	103 
3601	7 
3602	31 
3603	19 
3604	46 
3605	42 
3606	69 
3607	99 
3608	35 
3609	56 
3610	15 
3611	38 
3612	38 
3613	102 
3614	86 
3615	16 
3616	55 
3617	46 
3618	39 
3619	34 
3620	48 
3621	28 
3622	104 
3623	31 
3624	53 
3625	13 
3626	15 
3627	22 
3628	79 
3629	50 
3630	30 
3631	16 
3632	71 
3633	59 
3634	24 
3635	10 
3636	73 
3637	35 
3638	88 
3639	91 
3640	59 
3641	29 
3642	17 
3643	101 
3644	21 
3645	11 
3646	19 
3647	91 
3648	89 
3649	101 
3650	76 
3651	88 
3652	28 
3653	71 
3654	26 
3655	72 
3656	33 
3657	50 
3658	34 
3659	30 
3660	51 
3661	72 
3662	89 
3663	17 
3664	73 
3665	58 
3666	72 
3667	55 
3668	30 
3669	21 
3670	70 
3671	14 
3672	86 
3673	59 
3674	49 
3675	78 
3676	19 
3677	11 
3678	21 
3679	80 
3680	90 
3681	99 
3682	59 
3683	71 
3684	4 
3685	90 
3686	85 
3687	10 
3688	90 
3689	28 
3690	43 
3691	35 
3692	89 
3693	69 
3694	104 
3695	18 
3696	90 
3697	53 
3698	83 
3699	81 
3700	90 
3701	55 
3702	19 
3703	46 
3704	2 
3705	55 
3706	30 
3707	94 
3708	18 
3709	4 
3710	55 
3711	85 
3712	76 
3713	88 
3714	19 
3715	25 
3716	35 
3717	83 
3718	72 
3719	70 
3720	61 
3721	15 
3722	27 
3723	44 
3724	65 
3725	49 
3726	37 
3727	76 
3728	44 
3729	43 
3730	94 
3731	30 
3732	29 
3733	35 
3734	83 
3735	37 
3736	20 
3737	99 
3738	74 
3739	7 
3740	14 
3741	66 
3742	37 
3743	21 
3744	46 
3745	57 
3746	67 
3747	89 
3748	6 
3749	92 
3750	6 
3751	6 
3752	31 
3753	26 
3754	34 
3755	34 
3756	57 
3757	21 
3758	53 
3759	58 
3760	38 
3761	85 
3762	87 
3763	49 
3764	67 
3765	79 
3766	65 
3767	8 
3768	61 
3769	44 
3770	64 
3771	18 
3772	102 
3773	56 
3774	86 
3775	14 
3776	100 
3777	74 
3778	75 
3779	2 
3780	104 
3781	6 
3782	21 
3783	19 
3784	85 
3785	84 
3786	10 
3787	70 
3788	37 
3789	45 
3790	14 
3791	104 
3792	12 
3793	11 
3794	21 
3795	57 
3796	76 
3797	29 
3798	16 
3799	28 
3800	30 
3801	84 
3802	18 
3803	48 
3804	13 
3805	53 
3806	90 
3807	46 
3808	71 
3809	2 
3810	24 
3811	33 
3812	14 
3813	86 
3814	59 
3815	75 
3816	14 
3817	4 
3818	69 
3819	85 
3820	52 
3821	104 
3822	50 
3823	30 
3824	99 
3825	69 
3826	47 
3827	101 
3828	96 
3829	20 
3830	58 
3831	60 
3832	64 
3833	16 
3834	23 
3835	84 
3836	53 
3837	71 
3838	15 
3839	45 
3840	32 
3841	38 
3842	57 
3843	97 
3844	93 
3845	95 
3846	91 
3847	63 
3848	21 
3849	88 
3850	80 
3851	47 
3852	14 
3853	31 
3854	44 
3855	34 
3856	80 
3857	20 
3858	14 
3859	12 
3860	84 
3861	101 
3862	12 
3863	9 
3864	45 
3865	10 
3866	103 
3867	16 
3868	59 
3869	96 
3870	14 
3871	97 
3872	63 
3873	27 
3874	63 
3875	82 
3876	79 
3877	87 
3878	70 
3879	91 
3880	93 
3881	46 
3882	55 
3883	14 
3884	15 
3885	55 
3886	37 
3887	30 
3888	28 
3889	45 
3890	45 
3891	57 
3892	36 
3893	73 
3894	57 
3895	32 
3896	85 
3897	97 
3898	54 
3899	34 
3900	15 
3901	21 
3902	38 
3903	55 
3904	29 
3905	100 
3906	32 
3907	56 
3908	79 
3909	41 
3910	43 
3911	46 
3912	45 
3913	33 
3914	1 
3915	56 
3916	28 
3917	66 
3918	61 
3919	58 
3920	78 
3921	90 
3922	38 
3923	97 
3924	1 
3925	50 
3926	16 
3927	44 
3928	50 
3929	102 
3930	14 
3931	2 
3932	16 
3933	51 
3934	14 
3935	43 
3936	85 
3937	36 
3938	52 
3939	83 
3940	53 
3941	45 
3942	93 
3943	79 
3944	21 
3945	46 
3946	80 
3947	6 
3948	50 
3949	75 
3950	45 
3951	83 
3952	5 
3953	30 
3954	2 
3955	51 
3956	37 
3957	44 
3958	46 
3959	46 
3960	64 
3961	3 
3962	5 
3963	52 
3964	85 
3965	40 
3966	57 
3967	84 
3968	83 
3969	72 
3970	100 
3971	43 
3972	83 
3973	84 
3974	39 
3975	56 
3976	47 
3977	37 
3978	58 
3979	104 
3980	69 
3981	49 
3982	69 
3983	102 
3984	53 
3985	82 
3986	61 
3987	41 
3988	53 
3989	56 
3990	17 
3991	83 
3992	18 
3993	84 
3994	96 
3995	38 
3996	1 
3997	83 
3998	63 
3999	92 
4000	102 
4001	80 
4002	55 
4003	13 
4004	66 
4005	56 
4006	51 
4007	17 
4008	22 
4009	26 
4010	49 
4011	76 
4012	59 
4013	7 
4014	104 
4015	58 
4016	57 
4017	37 
4018	88 
4019	13 
4020	56 
4021	17 
4022	64 
4023	53 
4024	98 
4025	34 
4026	88 
4027	14 
4028	34 
4029	31 
4030	30 
4031	15 
4032	70 
4033	11 
4034	67 
4035	30 
4036	14 
4037	78 
4038	31 
4039	50 
4040	46 
4041	53 
4042	71 
4043	77 
4044	60 
4045	57 
4046	93 
4047	81 
4048	95 
4049	61 
4050	31 
4051	61 
4052	103 
4053	19 
4054	14 
4055	31 
4056	86 
4057	11 
4058	14 
4059	21 
4060	43 
4061	60 
4062	47 
4063	87 
4064	79 
4065	68 
4066	83 
4067	30 
4068	90 
4069	14 
4070	67 
4071	15 
4072	56 
4073	89 
4074	50 
4075	75 
4076	10 
4077	37 
4078	103 
4079	101 
4080	45 
4081	64 
4082	17 
4083	50 
4084	15 
4085	45 
4086	53 
4087	56 
4088	23 
4089	21 
4090	55 
4091	4 
4092	60 
4093	90 
4094	13 
4095	31 
4096	44 
4097	53 
4098	50 
4099	67 
4100	38 
4101	94 
4102	21 
4103	88 
4104	39 
4105	1 
4106	54 
4107	75 
4108	95 
4109	21 
4110	95 
4111	1 
4112	38 
4113	28 
4114	58 
4115	83 
4116	59 
4117	15 
4118	83 
4119	20 
4120	49 
4121	33 
4122	102 
4123	99 
4124	45 
4125	76 
4126	30 
4127	15 
4128	53 
4129	21 
4130	69 
4131	29 
4132	50 
4133	45 
4134	45 
4135	103 
4136	30 
4137	43 
4138	53 
4139	82 
4140	61 
4141	71 
4142	84 
4143	102 
4144	11 
4145	82 
4146	17 
4147	75 
4148	78 
4149	46 
4150	77 
4151	51 
4152	13 
4153	11 
4154	48 
4155	52 
4156	15 
4157	49 
4158	91 
4159	53 
4160	104 
4161	70 
4162	33 
4163	8 
4164	80 
4165	91 
4166	17 
4167	61 
4168	2 
4169	104 
4170	70 
4171	38 
4172	18 
4173	78 
4174	8 
4175	63 
4176	56 
4177	47 
4178	79 
4179	7 
4180	38 
4181	44 
4182	3 
4183	68 
4184	101 
4185	82 
4186	23 
4187	48 
4188	81 
4189	7 
4190	55 
4191	13 
4192	45 
4193	87 
4194	21 
4195	66 
4196	73 
4197	84 
4198	41 
4199	89 
4200	45 
4201	103 
4202	8 
4203	54 
4204	21 
4205	44 
4206	49 
4207	15 
4208	41 
4209	39 
4210	33 
4211	71 
4212	43 
4213	14 
4214	90 
4215	13 
4216	26 
4217	31 
4218	19 
4219	31 
4220	31 
4221	9 
4222	56 
4223	55 
4224	36 
4225	45 
4226	97 
4227	16 
4228	35 
4229	93 
4230	83 
4231	44 
4232	84 
4233	6 
4234	75 
4235	26 
4236	45 
4237	5 
4238	64 
4239	54 
4240	85 
4241	49 
4242	95 
4243	38 
4244	90 
4245	68 
4246	45 
4247	79 
4248	80 
4249	14 
4250	17 
4251	88 
4252	6 
4253	103 
4254	34 
4255	34 
4256	102 
4257	21 
4258	85 
4259	73 
4260	6 
4261	69 
4262	46 
4263	14 
4264	102 
4265	53 
4266	62 
4267	34 
4268	68 
4269	32 
4270	21 
4271	17 
4272	49 
4273	1 
4274	61 
4275	56 
4276	64 
4277	88 
4278	93 
4279	76 
4280	12 
4281	102 
4282	15 
4283	48 
4284	14 
4285	18 
4286	71 
4287	85 
4288	92 
4289	19 
4290	80 
4291	52 
4292	79 
4293	19 
4294	44 
4295	58 
4296	56 
4297	75 
4298	83 
4299	8 
4300	11 
4301	50 
4302	43 
4303	82 
4304	68 
4305	18 
4306	13 
4307	80 
4308	15 
4309	88 
4310	30 
4311	14 
4312	4 
4313	72 
4314	64 
4315	6 
4316	103 
4317	67 
4318	74 
4319	26 
4320	21 
4321	56 
4322	37 
4323	73 
4324	17 
4325	53 
4326	81 
4327	59 
4328	61 
4329	9 
4330	45 
4331	38 
4332	103 
4333	80 
4334	4 
4335	47 
4336	69 
4337	31 
4338	34 
4339	45 
4340	15 
4341	9 
4342	43 
4343	58 
4344	98 
4345	39 
4346	13 
4347	72 
4348	88 
4349	50 
4350	85 
4351	17 
4352	30 
4353	80 
4354	75 
4355	66 
4356	61 
4357	66 
4358	71 
4359	71 
4360	1 
4361	46 
4362	52 
4363	56 
4364	69 
4365	34 
4366	85 
4367	49 
4368	75 
4369	34 
4370	97 
4371	31 
4372	35 
4373	74 
4374	21 
4375	44 
4376	5 
4377	58 
4378	76 
4379	71 
4380	22 
4381	13 
4382	15 
4383	9 
4384	61 
4385	56 
4386	77 
4387	77 
4388	80 
4389	43 
4390	85 
4391	17 
4392	91 
4393	5 
4394	23 
4395	15 
4396	49 
4397	6 
4398	4 
4399	92 
4400	80 
4401	21 
4402	19 
4403	49 
4404	31 
4405	38 
4406	63 
4407	35 
4408	13 
4409	66 
4410	17 
4411	39 
4412	69 
4413	75 
4414	62 
4415	14 
4416	74 
4417	49 
4418	102 
4419	66 
4420	58 
4421	13 
4422	74 
4423	16 
4424	16 
4425	6 
4426	95 
4427	87 
4428	38 
4429	93 
4430	90 
4431	60 
4432	33 
4433	60 
4434	11 
4435	28 
4436	44 
4437	60 
4438	76 
4439	55 
4440	7 
4441	16 
4442	71 
4443	16 
4444	92 
4445	43 
4446	43 
4447	18 
4448	41 
4449	16 
4450	71 
4451	103 
4452	57 
4453	71 
4454	5 
4455	47 
4456	21 
4457	90 
4458	34 
4459	38 
4460	85 
4461	38 
4462	46 
4463	57 
4464	3 
4465	88 
4466	98 
4467	57 
4468	15 
4469	82 
4470	53 
4471	6 
4472	88 
4473	19 
4474	63 
4475	32 
4476	11 
4477	16 
4478	69 
4479	44 
4480	80 
4481	3 
4482	21 
4483	53 
4484	104 
4485	58 
4486	60 
4487	15 
4488	55 
4489	62 
4490	82 
4491	88 
4492	34 
4493	64 
4494	8 
4495	80 
4496	64 
4497	78 
4498	72 
4499	38 
4500	80 
4501	41 
4502	53 
4503	44 
4504	84 
4505	2 
4506	53 
4507	60 
4508	21 
4509	17 
4510	21 
4511	75 
4512	58 
4513	62 
4514	59 
4515	3 
4516	38 
4517	39 
4518	31 
4519	75 
4520	45 
4521	31 
4522	17 
4523	80 
4524	60 
4525	69 
4526	89 
4527	60 
4528	63 
4529	56 
4530	90 
4531	56 
4532	50 
4533	6 
4534	17 
4535	91 
4536	59 
4537	11 
4538	80 
4539	84 
4540	56 
4541	4 
4542	18 
4543	101 
4544	17 
4545	66 
4546	9 
4547	101 
4548	21 
4549	35 
4550	7 
4551	11 
4552	97 
4553	47 
4554	81 
4555	66 
4556	21 
4557	67 
4558	104 
4559	60 
4560	71 
4561	101 
4562	55 
4563	21 
4564	55 
4565	102 
4566	58 
4567	102 
4568	43 
4569	32 
4570	92 
4571	80 
4572	85 
4573	31 
4574	84 
4575	85 
4576	39 
4577	91 
4578	9 
4579	52 
4580	74 
4581	101 
4582	50 
4583	45 
4584	75 
4585	33 
4586	30 
4587	67 
4588	59 
4589	84 
4590	7 
4591	38 
4592	32 
4593	63 
4594	41 
4595	83 
4596	60 
4597	28 
4598	67 
4599	30 
4600	56 
4601	30 
4602	75 
4603	55 
4604	53 
4605	38 
4606	69 
4607	103 
4608	61 
4609	60 
4610	56 
4611	90 
4612	85 
4613	80 
4614	101 
4615	18 
4616	72 
4617	16 
4618	18 
4619	5 
4620	38 
4621	2 
4622	74 
4623	69 
4624	103 
4625	66 
4626	30 
4627	61 
4628	53 
4629	79 
4630	18 
4631	64 
4632	102 
4633	33 
4634	92 
4635	71 
4636	4 
4637	63 
4638	91 
4639	72 
4640	101 
4641	85 
4642	58 
4643	19 
4644	17 
4645	8 
4646	58 
4647	45 
4648	5 
4649	74 
4650	56 
4651	11 
4652	15 
4653	45 
4654	66 
4655	80 
4656	75 
4657	64 
4658	102 
4659	47 
4660	61 
4661	69 
4662	50 
4663	71 
4664	11 
4665	61 
4666	57 
4667	14 
4668	71 
4669	34 
4670	90 
4671	19 
4672	53 
4673	90 
4674	69 
4675	102 
4676	11 
4677	76 
4678	19 
4679	60 
4680	2 
4681	35 
4682	101 
4683	63 
4684	81 
4685	64 
4686	55 
4687	98 
4688	53 
4689	61 
4690	9 
4691	88 
4692	37 
4693	80 
4694	5 
4695	90 
4696	43 
4697	78 
4698	17 
4699	31 
4700	56 
4701	35 
4702	63 
4703	84 
4704	41 
4705	71 
4706	91 
4707	6 
4708	43 
4709	41 
4710	39 
4711	56 
4712	68 
4713	39 
4714	9 
4715	18 
4716	58 
4717	97 
4718	16 
4719	58 
4720	33 
4721	98 
4722	15 
4723	30 
4724	60 
4725	30 
4726	90 
4727	45 
4728	4 
4729	44 
4730	13 
4731	46 
4732	35 
4733	59 
4734	82 
4735	102 
4736	33 
4737	28 
4738	46 
4739	66 
4740	2 
4741	84 
4742	46 
4743	13 
4744	61 
4745	56 
4746	13 
4747	63 
4748	55 
4749	59 
4750	9 
4751	13 
4752	41 
4753	85 
4754	78 
4755	30 
4756	15 
4757	19 
4758	9 
4759	30 
4760	31 
4761	35 
4762	60 
4763	39 
4764	45 
4765	38 
4766	46 
4767	44 
4768	91 
4769	82 
4770	2 
4771	53 
4772	38 
4773	85 
4774	14 
4775	63 
4776	56 
4777	58 
4778	5 
4779	30 
4780	60 
4781	69 
4782	2 
4783	46 
4784	71 
4785	55 
4786	53 
4787	67 
4788	31 
4789	11 
4790	38 
4791	56 
4792	63 
4793	34 
4794	55 
4795	88 
4796	48 
4797	4 
4798	69 
4799	56 
4800	4 
4801	58 
4802	8 
4803	48 
4804	32 
4805	80 
4806	13 
4807	83 
4808	45 
4809	45 
4810	49 
4811	38 
4812	76 
4813	49 
4814	21 
4815	79 
4816	38 
4817	91 
4818	28 
4819	57 
4820	35 
4821	46 
4822	17 
4823	17 
4824	35 
4825	91 
4826	67 
4827	55 
4828	31 
4829	104 
4830	13 
4831	32 
4832	47 
4833	13 
4834	17 
4835	21 
4836	56 
4837	38 
4838	44 
4839	9 
4840	61 
4841	30 
4842	72 
4843	84 
4844	18 
4845	82 
4846	34 
4847	69 
4848	63 
4849	56 
4850	17 
4851	41 
4852	49 
4853	34 
4854	64 
4855	34 
4856	80 
4857	51 
4858	31 
4859	53 
4860	50 
4861	15 
4862	45 
4863	80 
4864	83 
4865	38 
4866	46 
4867	59 
4868	60 
4869	51 
4870	11 
4871	32 
4872	30 
4873	89 
4874	19 
4875	3 
4876	63 
4877	55 
4878	30 
4879	44 
4880	33 
4881	43 
4882	6 
4883	43 
4884	21 
4885	16 
4886	72 
4887	58 
4888	71 
4889	18 
4890	82 
4891	66 
4892	102 
4893	102 
4894	90 
4895	79 
4896	89 
4897	45 
4898	16 
4899	90 
4900	15 
4901	80 
4902	34 
4903	98 
4904	103 
4905	9 
4906	5 
4907	17 
4908	15 
4909	34 
4910	55 
4911	45 
4912	30 
4913	33 
4914	31 
4915	34 
4916	41 
4917	53 
4918	83 
4919	33 
4920	102 
4921	75 
4922	74 
4923	45 
4924	21 
4925	72 
4926	58 
4927	75 
4928	71 
4929	13 
4930	104 
4931	53 
4932	38 
4933	80 
4934	102 
4935	30 
4936	83 
4937	51 
4938	51 
4939	102 
4940	19 
4941	46 
4942	33 
4943	35 
4944	72 
4945	13 
4946	50 
4947	55 
4948	43 
4949	28 
4950	88 
4951	56 
4952	15 
4953	6 
4954	76 
4955	66 
4956	33 
4957	51 
4958	11 
4959	19 
4960	18 
4961	52 
4962	18 
4963	35 
4964	38 
4965	64 
4966	84 
4967	59 
4968	50 
4969	84 
4970	90 
4971	85 
4972	38 
4973	15 
4974	16 
4975	21 
4976	75 
4977	7 
4978	34 
4979	64 
4980	15 
4981	30 
4982	57 
4983	66 
4984	83 
4985	64 
4986	17 
4987	17 
4988	82 
4989	83 
4990	32 
4991	58 
4992	34 
4993	66 
4994	90 
4995	31 
4996	101 
4997	71 
4998	19 
4999	69 
5000	90 
