1	55 
2	2 
3	57 
4	14 
5	69 
6	35 
7	66 
8	45 
9	36 
10	37 
11	88 
12	11 
13	59 
14	71 
15	65 
16	60 
17	43 
18	51 
19	85 
20	89 
21	18 
22	38 
23	17 
24	59 
25	56 
26	66 
27	46 
28	61 
29	96 
30	53 
31	80 
32	7 
33	46 
34	19 
35	79 
36	88 
37	57 
38	72 
39	22 
40	41 
41	50 
42	87 
43	31 
44	45 
45	17 
46	97 
47	33 
48	80 
49	9 
50	43 
51	71 
52	13 
53	60 
54	55 
55	41 
56	19 
57	80 
58	84 
59	27 
60	31 
61	41 
62	68 
63	16 
64	6 
65	17 
66	45 
67	67 
68	34 
69	85 
70	92 
71	81 
72	41 
73	77 
74	45 
75	51 
76	53 
77	36 
78	103 
79	57 
80	92 
81	87 
82	63 
83	40 
84	38 
85	42 
86	46 
87	13 
88	18 
89	10 
90	94 
91	29 
92	49 
93	24 
94	33 
95	71 
96	46 
97	56 
98	73 
99	80 
100	55 
101	102 
102	23 
103	71 
104	79 
105	71 
106	92 
107	64 
108	68 
109	61 
110	82 
111	36 
112	11 
113	85 
114	81 
115	43 
116	20 
117	67 
118	16 
119	97 
120	19 
121	25 
122	21 
123	84 
124	78 
125	79 
126	45 
127	46 
128	46 
129	102 
130	74 
131	1 
132	102 
133	52 
134	17 
135	52 
136	62 
137	61 
138	62 
139	35 
140	34 
141	69 
142	19 
143	46 
144	92 
145	41 
146	17 
147	59 
148	101 
149	4 
150	8 
151	85 
152	69 
153	101 
154	96 
155	21 
156	69 
157	63 
158	81 
159	53 
160	20 
161	48 
162	30 
163	88 
164	57 
165	3 
166	39 
167	102 
168	98 
169	38 
170	103 
171	83 
172	45 
173	85 
174	78 
175	17 
176	61 
177	28 
178	1 
179	66 
180	31 
181	15 
182	61 
183	66 
184	48 
185	47 
186	74 
187	84 
188	5 
189	84 
190	32 
191	31 
192	80 
193	16 
194	89 
195	72 
196	88 
197	46 
198	25 
199	23 
200	56 
201	63 
202	47 
203	20 
204	46 
205	99 
206	64 
207	72 
208	32 
209	21 
210	14 
211	76 
212	44 
213	103 
214	86 
215	87 
216	69 
217	52 
218	80 
219	83 
220	48 
221	57 
222	13 
223	31 
224	94 
225	25 
226	71 
227	41 
228	48 
229	58 
230	38 
231	88 
232	83 
233	81 
234	19 
235	75 
236	101 
237	43 
238	69 
239	61 
240	21 
241	2 
242	84 
243	21 
244	15 
245	65 
246	76 
247	58 
248	80 
249	46 
250	53 
251	41 
252	65 
253	79 
254	60 
255	97 
256	90 
257	55 
258	16 
259	60 
260	23 
261	86 
262	31 
263	80 
264	19 
265	31 
266	37 
267	83 
268	34 
269	65 
270	31 
271	41 
272	19 
273	29 
274	25 
275	56 
276	92 
277	59 
278	63 
279	74 
280	30 
281	96 
282	58 
283	104 
284	8 
285	100 
286	91 
287	74 
288	88 
289	44 
290	21 
291	13 
292	12 
293	6 
294	30 
295	38 
296	30 
297	9 
298	91 
299	27 
300	4 
301	25 
302	43 
303	50 
304	71 
305	59 
306	41 
307	29 
308	71 
309	92 
310	27 
311	102 
312	64 
313	51 
314	43 
315	30 
316	83 
317	34 
318	30 
319	83 
320	5 
321	76 
322	56 
323	38 
324	1 
325	95 
326	15 
327	77 
328	7 
329	30 
330	27 
331	93 
332	102 
333	74 
334	13 
335	19 
336	43 
337	100 
338	85 
339	35 
340	80 
341	32 
342	33 
343	69 
344	76 
345	57 
346	57 
347	66 
348	34 
349	70 
350	79 
351	93 
352	14 
353	66 
354	83 
355	9 
356	57 
357	60 
358	84 
359	98 
360	9 
361	13 
362	33 
363	86 
364	69 
365	14 
366	57 
367	14 
368	13 
369	21 
370	21 
371	89 
372	38 
373	76 
374	50 
375	76 
376	104 
377	69 
378	96 
379	21 
380	38 
381	58 
382	48 
383	71 
384	45 
385	2 
386	30 
387	94 
388	59 
389	74 
390	74 
391	59 
392	34 
393	58 
394	84 
395	36 
396	9 
397	17 
398	34 
399	64 
400	77 
401	55 
402	70 
403	29 
404	48 
405	21 
406	32 
407	21 
408	55 
409	17 
410	64 
411	34 
412	87 
413	28 
414	7 
415	24 
416	32 
417	30 
418	86 
419	63 
420	49 
421	82 
422	72 
423	67 
424	31 
425	48 
426	7 
427	97 
428	96 
429	57 
430	62 
431	71 
432	92 
433	78 
434	96 
435	76 
436	66 
437	4 
438	80 
439	94 
440	67 
441	80 
442	84 
443	37 
444	98 
445	6 
446	24 
447	76 
448	55 
449	7 
450	17 
451	52 
452	75 
453	100 
454	30 
455	28 
456	34 
457	58 
458	38 
459	21 
460	21 
461	30 
462	77 
463	55 
464	37 
465	3 
466	100 
467	28 
468	91 
469	74 
470	48 
471	69 
472	55 
473	103 
474	66 
475	61 
476	85 
477	77 
478	24 
479	66 
480	32 
481	27 
482	85 
483	78 
484	69 
485	12 
486	22 
487	30 
488	66 
489	15 
490	83 
491	53 
492	45 
493	62 
494	72 
495	92 
496	103 
497	95 
498	43 
499	32 
500	27 
501	64 
502	76 
503	5 
504	49 
505	69 
506	12 
507	38 
508	46 
509	89 
510	89 
511	92 
512	10 
513	46 
514	69 
515	75 
516	8 
517	21 
518	90 
519	39 
520	36 
521	74 
522	72 
523	81 
524	31 
525	73 
526	61 
527	54 
528	53 
529	45 
530	101 
531	79 
532	22 
533	39 
534	27 
535	40 
536	79 
537	45 
538	85 
539	81 
540	79 
541	21 
542	55 
543	21 
544	66 
545	56 
546	78 
547	94 
548	71 
549	56 
550	90 
551	54 
552	13 
553	50 
554	101 
555	34 
556	46 
557	98 
558	19 
559	21 
560	56 
561	56 
562	82 
563	61 
564	40 
565	58 
566	50 
567	47 
568	84 
569	11 
570	32 
571	77 
572	92 
573	71 
574	104 
575	77 
576	79 
577	12 
578	47 
579	93 
580	50 
581	13 
582	103 
583	103 
584	28 
585	66 
586	23 
587	84 
588	101 
589	28 
590	99 
591	82 
592	15 
593	14 
594	72 
595	92 
596	57 
597	17 
598	4 
599	101 
600	54 
601	49 
602	71 
603	77 
604	63 
605	46 
606	72 
607	89 
608	50 
609	20 
610	53 
611	102 
612	56 
613	36 
614	33 
615	32 
616	85 
617	71 
618	13 
619	104 
620	104 
621	93 
622	80 
623	82 
624	80 
625	68 
626	84 
627	90 
628	64 
629	67 
630	93 
631	55 
632	58 
633	55 
634	16 
635	31 
636	81 
637	40 
638	55 
639	53 
640	2 
641	92 
642	80 
643	14 
644	102 
645	51 
646	13 
647	38 
648	21 
649	61 
650	39 
651	15 
652	10 
653	72 
654	14 
655	69 
656	33 
657	76 
658	100 
659	61 
660	56 
661	32 
662	49 
663	33 
664	63 
665	102 
666	63 
667	84 
668	62 
669	50 
670	97 
671	26 
672	13 
673	45 
674	50 
675	33 
676	69 
677	85 
678	53 
679	41 
680	80 
681	8 
682	49 
683	44 
684	47 
685	85 
686	52 
687	66 
688	46 
689	23 
690	72 
691	76 
692	37 
693	29 
694	51 
695	16 
696	17 
697	46 
698	30 
699	83 
700	78 
701	59 
702	26 
703	80 
704	88 
705	64 
706	61 
707	61 
708	5 
709	90 
710	99 
711	57 
712	51 
713	98 
714	34 
715	51 
716	86 
717	77 
718	85 
719	103 
720	84 
721	64 
722	95 
723	72 
724	41 
725	18 
726	96 
727	17 
728	101 
729	16 
730	86 
731	94 
732	68 
733	10 
734	52 
735	25 
736	58 
737	90 
738	54 
739	78 
740	79 
741	102 
742	58 
743	27 
744	8 
745	102 
746	75 
747	50 
748	11 
749	101 
750	54 
751	31 
752	44 
753	14 
754	75 
755	21 
756	96 
757	16 
758	20 
759	4 
760	35 
761	3 
762	44 
763	102 
764	88 
765	43 
766	24 
767	39 
768	21 
769	13 
770	9 
771	102 
772	87 
773	13 
774	21 
775	80 
776	50 
777	22 
778	21 
779	49 
780	99 
781	76 
782	66 
783	79 
784	44 
785	21 
786	83 
787	49 
788	93 
789	71 
790	80 
791	19 
792	56 
793	45 
794	58 
795	75 
796	2 
797	38 
798	15 
799	82 
800	78 
801	58 
802	46 
803	15 
804	40 
805	45 
806	55 
807	66 
808	96 
809	18 
810	11 
811	60 
812	54 
813	45 
814	70 
815	23 
816	6 
817	101 
818	8 
819	63 
820	14 
821	74 
822	92 
823	29 
824	50 
825	89 
826	31 
827	50 
828	23 
829	89 
830	14 
831	77 
832	79 
833	5 
834	79 
835	90 
836	54 
837	63 
838	63 
839	48 
840	23 
841	53 
842	84 
843	56 
844	14 
845	30 
846	56 
847	104 
848	57 
849	88 
850	84 
851	104 
852	75 
853	44 
854	53 
855	100 
856	25 
857	43 
858	40 
859	94 
860	24 
861	30 
862	82 
863	22 
864	1 
865	26 
866	31 
867	73 
868	62 
869	45 
870	11 
871	38 
872	46 
873	44 
874	66 
875	59 
876	30 
877	51 
878	21 
879	40 
880	43 
881	59 
882	21 
883	69 
884	80 
885	58 
886	66 
887	103 
888	72 
889	89 
890	11 
891	53 
892	51 
893	19 
894	29 
895	77 
896	27 
897	17 
898	86 
899	36 
900	5 
901	54 
902	102 
903	46 
904	58 
905	26 
906	97 
907	45 
908	83 
909	86 
910	44 
911	14 
912	38 
913	72 
914	48 
915	60 
916	55 
917	103 
918	62 
919	56 
920	28 
921	32 
922	15 
923	64 
924	26 
925	83 
926	56 
927	90 
928	49 
929	16 
930	44 
931	89 
932	70 
933	83 
934	45 
935	80 
936	75 
937	54 
938	17 
939	71 
940	76 
941	89 
942	37 
943	84 
944	94 
945	57 
946	45 
947	59 
948	68 
949	16 
950	61 
951	15 
952	19 
953	5 
954	7 
955	60 
956	102 
957	90 
958	13 
959	19 
960	38 
961	34 
962	80 
963	16 
964	45 
965	38 
966	56 
967	15 
968	44 
969	43 
970	34 
971	21 
972	68 
973	45 
974	72 
975	88 
976	21 
977	62 
978	54 
979	43 
980	5 
981	5 
982	38 
983	35 
984	56 
985	26 
986	20 
987	49 
988	45 
989	99 
990	45 
991	72 
992	21 
993	83 
994	2 
995	13 
996	1 
997	33 
998	43 
999	56 
1000	60 
1001	16 
1002	50 
1003	103 
1004	72 
1005	69 
1006	30 
1007	49 
1008	95 
1009	80 
1010	81 
1011	61 
1012	53 
1013	13 
1014	56 
1015	34 
1016	60 
1017	73 
1018	67 
1019	22 
1020	28 
1021	45 
1022	90 
1023	7 
1024	18 
1025	83 
1026	28 
1027	93 
1028	71 
1029	82 
1030	32 
1031	83 
1032	34 
1033	39 
1034	79 
1035	37 
1036	58 
1037	86 
1038	87 
1039	59 
1040	8 
1041	93 
1042	43 
1043	60 
1044	60 
1045	7 
1046	29 
1047	89 
1048	55 
1049	45 
1050	56 
1051	23 
1052	44 
1053	6 
1054	31 
1055	2 
1056	31 
1057	81 
1058	31 
1059	38 
1060	88 
1061	15 
1062	52 
1063	69 
1064	89 
1065	12 
1066	61 
1067	83 
1068	53 
1069	70 
1070	67 
1071	75 
1072	13 
1073	2 
1074	39 
1075	102 
1076	71 
1077	88 
1078	90 
1079	57 
1080	91 
1081	79 
1082	18 
1083	44 
1084	70 
1085	99 
1086	65 
1087	57 
1088	72 
1089	83 
1090	76 
1091	64 
1092	61 
1093	82 
1094	74 
1095	71 
1096	48 
1097	70 
1098	103 
1099	32 
1100	9 
1101	35 
1102	82 
1103	66 
1104	8 
1105	47 
1106	9 
1107	79 
1108	104 
1109	80 
1110	56 
1111	71 
1112	24 
1113	31 
1114	13 
1115	7 
1116	69 
1117	72 
1118	80 
1119	80 
1120	45 
1121	102 
1122	42 
1123	60 
1124	103 
1125	14 
1126	64 
1127	61 
1128	83 
1129	84 
1130	93 
1131	15 
1132	6 
1133	14 
1134	38 
1135	30 
1136	78 
1137	22 
1138	60 
1139	21 
1140	7 
1141	16 
1142	71 
1143	83 
1144	21 
1145	80 
1146	61 
1147	30 
1148	45 
1149	84 
1150	14 
1151	62 
1152	31 
1153	41 
1154	30 
1155	54 
1156	76 
1157	80 
1158	89 
1159	85 
1160	101 
1161	43 
1162	6 
1163	15 
1164	81 
1165	61 
1166	16 
1167	17 
1168	56 
1169	60 
1170	103 
1171	48 
1172	90 
1173	95 
1174	45 
1175	12 
1176	33 
1177	99 
1178	49 
1179	38 
1180	17 
1181	35 
1182	75 
1183	77 
1184	91 
1185	39 
1186	17 
1187	39 
1188	61 
1189	31 
1190	54 
1191	71 
1192	9 
1193	34 
1194	83 
1195	10 
1196	104 
1197	15 
1198	5 
1199	50 
1200	29 
1201	71 
1202	70 
1203	84 
1204	19 
1205	78 
1206	60 
1207	20 
1208	96 
1209	48 
1210	82 
1211	83 
1212	15 
1213	58 
1214	100 
1215	85 
1216	50 
1217	62 
1218	23 
1219	17 
1220	20 
1221	39 
1222	19 
1223	19 
1224	8 
1225	103 
1226	32 
1227	62 
1228	59 
1229	38 
1230	73 
1231	41 
1232	43 
1233	83 
1234	14 
1235	71 
1236	80 
1237	84 
1238	66 
1239	85 
1240	72 
1241	34 
1242	44 
1243	97 
1244	35 
1245	97 
1246	64 
1247	87 
1248	94 
1249	90 
1250	67 
1251	67 
1252	92 
1253	88 
1254	80 
1255	44 
1256	61 
1257	12 
1258	1 
1259	3 
1260	29 
1261	50 
1262	56 
1263	60 
1264	88 
1265	104 
1266	94 
1267	5 
1268	90 
1269	48 
1270	57 
1271	101 
1272	78 
1273	103 
1274	53 
1275	73 
1276	85 
1277	61 
1278	56 
1279	81 
1280	18 
1281	69 
1282	63 
1283	60 
1284	91 
1285	35 
1286	21 
1287	80 
1288	18 
1289	33 
1290	53 
1291	45 
1292	32 
1293	97 
1294	66 
1295	83 
1296	63 
1297	80 
1298	85 
1299	83 
1300	48 
1301	61 
1302	16 
1303	46 
1304	31 
1305	17 
1306	21 
1307	13 
1308	71 
1309	44 
1310	77 
1311	66 
1312	16 
1313	93 
1314	38 
1315	95 
1316	53 
1317	32 
1318	19 
1319	56 
1320	34 
1321	82 
1322	5 
1323	90 
1324	104 
1325	67 
1326	96 
1327	14 
1328	90 
1329	102 
1330	24 
1331	19 
1332	72 
1333	55 
1334	60 
1335	84 
1336	97 
1337	63 
1338	98 
1339	36 
1340	30 
1341	36 
1342	20 
1343	86 
1344	72 
1345	83 
1346	46 
1347	88 
1348	15 
1349	24 
1350	90 
1351	53 
1352	63 
1353	9 
1354	16 
1355	4 
1356	56 
1357	89 
1358	71 
1359	30 
1360	26 
1361	63 
1362	51 
1363	25 
1364	58 
1365	34 
1366	4 
1367	31 
1368	39 
1369	61 
1370	16 
1371	4 
1372	80 
1373	83 
1374	58 
1375	84 
1376	14 
1377	33 
1378	51 
1379	76 
1380	82 
1381	33 
1382	45 
1383	35 
1384	50 
1385	86 
1386	56 
1387	85 
1388	48 
1389	15 
1390	68 
1391	56 
1392	100 
1393	30 
1394	14 
1395	14 
1396	102 
1397	28 
1398	5 
1399	55 
1400	45 
1401	6 
1402	98 
1403	59 
1404	55 
1405	33 
1406	102 
1407	48 
1408	15 
1409	8 
1410	55 
1411	18 
1412	103 
1413	29 
1414	21 
1415	71 
1416	38 
1417	30 
1418	34 
1419	13 
1420	53 
1421	78 
1422	46 
1423	96 
1424	85 
1425	90 
1426	85 
1427	67 
1428	103 
1429	79 
1430	69 
1431	27 
1432	97 
1433	56 
1434	34 
1435	82 
1436	98 
1437	53 
1438	85 
1439	11 
1440	53 
1441	24 
1442	15 
1443	78 
1444	3 
1445	38 
1446	82 
1447	38 
1448	28 
1449	50 
1450	81 
1451	57 
1452	41 
1453	7 
1454	58 
1455	5 
1456	3 
1457	73 
1458	11 
1459	61 
1460	71 
1461	4 
1462	68 
1463	97 
1464	18 
1465	88 
1466	46 
1467	54 
1468	45 
1469	30 
1470	15 
1471	91 
1472	96 
1473	21 
1474	52 
1475	79 
1476	41 
1477	23 
1478	44 
1479	13 
1480	92 
1481	66 
1482	60 
1483	91 
1484	72 
1485	62 
1486	90 
1487	53 
1488	46 
1489	18 
1490	10 
1491	85 
1492	22 
1493	12 
1494	92 
1495	56 
1496	74 
1497	104 
1498	41 
1499	26 
1500	100 
1501	61 
1502	60 
1503	34 
1504	43 
1505	90 
1506	87 
1507	85 
1508	59 
1509	34 
1510	15 
1511	58 
1512	75 
1513	62 
1514	97 
1515	2 
1516	27 
1517	59 
1518	95 
1519	74 
1520	41 
1521	98 
1522	17 
1523	82 
1524	102 
1525	42 
1526	34 
1527	15 
1528	52 
1529	71 
1530	64 
1531	66 
1532	55 
1533	87 
1534	38 
1535	23 
1536	81 
1537	96 
1538	11 
1539	80 
1540	75 
1541	36 
1542	73 
1543	46 
1544	14 
1545	66 
1546	69 
1547	69 
1548	32 
1549	88 
1550	21 
1551	19 
1552	82 
1553	41 
1554	21 
1555	95 
1556	30 
1557	11 
1558	11 
1559	95 
1560	41 
1561	44 
1562	53 
1563	2 
1564	33 
1565	102 
1566	43 
1567	85 
1568	41 
1569	55 
1570	58 
1571	30 
1572	39 
1573	72 
1574	90 
1575	32 
1576	67 
1577	88 
1578	24 
1579	100 
1580	13 
1581	4 
1582	20 
1583	92 
1584	8 
1585	63 
1586	41 
1587	55 
1588	81 
1589	6 
1590	51 
1591	83 
1592	54 
1593	62 
1594	53 
1595	86 
1596	80 
1597	2 
1598	7 
1599	80 
1600	56 
1601	24 
1602	17 
1603	71 
1604	60 
1605	55 
1606	85 
1607	1 
1608	95 
1609	49 
1610	8 
1611	60 
1612	3 
1613	30 
1614	37 
1615	58 
1616	98 
1617	53 
1618	13 
1619	56 
1620	77 
1621	99 
1622	30 
1623	46 
1624	2 
1625	29 
1626	70 
1627	95 
1628	15 
1629	36 
1630	11 
1631	21 
1632	57 
1633	83 
1634	31 
1635	29 
1636	68 
1637	85 
1638	16 
1639	82 
1640	80 
1641	18 
1642	83 
1643	16 
1644	27 
1645	81 
1646	83 
1647	20 
1648	56 
1649	14 
1650	65 
1651	26 
1652	95 
1653	6 
1654	36 
1655	60 
1656	72 
1657	77 
1658	9 
1659	33 
1660	82 
1661	88 
1662	80 
1663	38 
1664	30 
1665	74 
1666	5 
1667	67 
1668	74 
1669	62 
1670	46 
1671	61 
1672	73 
1673	102 
1674	19 
1675	37 
1676	91 
1677	17 
1678	85 
1679	31 
1680	35 
1681	41 
1682	71 
1683	46 
1684	64 
1685	60 
1686	11 
1687	93 
1688	21 
1689	66 
1690	6 
1691	45 
1692	81 
1693	45 
1694	30 
1695	100 
1696	48 
1697	84 
1698	84 
1699	41 
1700	5 
1701	47 
1702	69 
1703	17 
1704	39 
1705	3 
1706	13 
1707	80 
1708	74 
1709	9 
1710	80 
1711	56 
1712	46 
1713	99 
1714	38 
1715	9 
1716	19 
1717	61 
1718	65 
1719	51 
1720	32 
1721	7 
1722	6 
1723	86 
1724	18 
1725	104 
1726	83 
1727	37 
1728	68 
1729	38 
1730	17 
1731	75 
1732	3 
1733	98 
1734	50 
1735	46 
1736	35 
1737	69 
1738	12 
1739	68 
1740	18 
1741	21 
1742	80 
1743	75 
1744	29 
1745	64 
1746	59 
1747	61 
1748	45 
1749	72 
1750	36 
1751	6 
1752	73 
1753	38 
1754	41 
1755	84 
1756	82 
1757	26 
1758	78 
1759	23 
1760	41 
1761	22 
1762	76 
1763	88 
1764	91 
1765	19 
1766	41 
1767	32 
1768	94 
1769	9 
1770	50 
1771	54 
1772	41 
1773	49 
1774	81 
1775	23 
1776	30 
1777	34 
1778	85 
1779	7 
1780	58 
1781	102 
1782	100 
1783	76 
1784	64 
1785	69 
1786	63 
1787	103 
1788	51 
1789	89 
1790	98 
1791	15 
1792	3 
1793	51 
1794	1 
1795	94 
1796	34 
1797	84 
1798	40 
1799	79 
1800	79 
1801	18 
1802	44 
1803	85 
1804	99 
1805	32 
1806	24 
1807	49 
1808	13 
1809	25 
1810	93 
1811	78 
1812	45 
1813	95 
1814	59 
1815	70 
1816	34 
1817	15 
1818	2 
1819	29 
1820	21 
1821	32 
1822	74 
1823	28 
1824	1 
1825	7 
1826	65 
1827	32 
1828	6 
1829	15 
1830	70 
1831	89 
1832	46 
1833	26 
1834	41 
1835	45 
1836	15 
1837	30 
1838	68 
1839	62 
1840	66 
1841	20 
1842	103 
1843	16 
1844	53 
1845	64 
1846	49 
1847	94 
1848	34 
1849	84 
1850	85 
1851	25 
1852	75 
1853	34 
1854	93 
1855	90 
1856	74 
1857	25 
1858	103 
1859	7 
1860	66 
1861	104 
1862	16 
1863	22 
1864	4 
1865	59 
1866	35 
1867	61 
1868	9 
1869	56 
1870	14 
1871	80 
1872	38 
1873	102 
1874	83 
1875	74 
1876	51 
1877	91 
1878	2 
1879	66 
1880	41 
1881	43 
1882	9 
1883	71 
1884	50 
1885	12 
1886	89 
1887	15 
1888	61 
1889	73 
1890	14 
1891	46 
1892	43 
1893	35 
1894	86 
1895	61 
1896	50 
1897	37 
1898	28 
1899	12 
1900	14 
1901	15 
1902	5 
1903	61 
1904	46 
1905	47 
1906	72 
1907	89 
1908	64 
1909	79 
1910	88 
1911	53 
1912	30 
1913	53 
1914	25 
1915	6 
1916	60 
1917	10 
1918	47 
1919	23 
1920	63 
1921	50 
1922	15 
1923	17 
1924	57 
1925	45 
1926	22 
1927	60 
1928	88 
1929	87 
1930	31 
1931	83 
1932	31 
1933	4 
1934	89 
1935	31 
1936	28 
1937	49 
1938	54 
1939	43 
1940	13 
1941	83 
1942	63 
1943	97 
1944	55 
1945	71 
1946	52 
1947	13 
1948	57 
1949	39 
1950	90 
1951	15 
1952	60 
1953	102 
1954	39 
1955	42 
1956	2 
1957	55 
1958	19 
1959	59 
1960	2 
1961	49 
1962	85 
1963	56 
1964	42 
1965	53 
1966	21 
1967	88 
1968	34 
1969	3 
1970	57 
1971	43 
1972	6 
1973	76 
1974	17 
1975	88 
1976	10 
1977	38 
1978	53 
1979	41 
1980	72 
1981	71 
1982	14 
1983	63 
1984	55 
1985	48 
1986	56 
1987	32 
1988	92 
1989	55 
1990	48 
1991	37 
1992	27 
1993	104 
1994	58 
1995	31 
1996	38 
1997	82 
1998	87 
1999	60 
2000	9 
2001	26 
2002	31 
2003	6 
2004	52 
2005	82 
2006	34 
2007	104 
2008	49 
2009	49 
2010	50 
2011	30 
2012	104 
2013	6 
2014	69 
2015	38 
2016	99 
2017	81 
2018	89 
2019	80 
2020	11 
2021	7 
2022	72 
2023	68 
2024	34 
2025	55 
2026	101 
2027	8 
2028	64 
2029	63 
2030	7 
2031	79 
2032	38 
2033	17 
2034	21 
2035	8 
2036	44 
2037	91 
2038	33 
2039	2 
2040	98 
2041	70 
2042	82 
2043	15 
2044	82 
2045	7 
2046	49 
2047	92 
2048	41 
2049	5 
2050	8 
2051	2 
2052	69 
2053	46 
2054	55 
2055	55 
2056	69 
2057	102 
2058	67 
2059	41 
2060	68 
2061	45 
2062	83 
2063	69 
2064	93 
2065	89 
2066	31 
2067	99 
2068	93 
2069	13 
2070	82 
2071	40 
2072	25 
2073	5 
2074	34 
2075	85 
2076	44 
2077	30 
2078	61 
2079	42 
2080	42 
2081	15 
2082	34 
2083	24 
2084	45 
2085	85 
2086	45 
2087	13 
2088	14 
2089	55 
2090	21 
2091	53 
2092	12 
2093	97 
2094	51 
2095	18 
2096	69 
2097	20 
2098	66 
2099	15 
2100	56 
2101	44 
2102	56 
2103	53 
2104	23 
2105	51 
2106	90 
2107	38 
2108	9 
2109	80 
2110	81 
2111	13 
2112	58 
2113	65 
2114	34 
2115	73 
2116	19 
2117	79 
2118	64 
2119	90 
2120	53 
2121	88 
2122	76 
2123	15 
2124	58 
2125	53 
2126	79 
2127	76 
2128	71 
2129	72 
2130	13 
2131	83 
2132	2 
2133	104 
2134	21 
2135	28 
2136	14 
2137	9 
2138	83 
2139	47 
2140	89 
2141	3 
2142	1 
2143	7 
2144	98 
2145	51 
2146	9 
2147	101 
2148	53 
2149	57 
2150	90 
2151	33 
2152	103 
2153	9 
2154	30 
2155	35 
2156	44 
2157	15 
2158	44 
2159	65 
2160	91 
2161	17 
2162	84 
2163	81 
2164	93 
2165	46 
2166	14 
2167	15 
2168	66 
2169	46 
2170	76 
2171	53 
2172	28 
2173	84 
2174	52 
2175	101 
2176	19 
2177	90 
2178	27 
2179	58 
2180	19 
2181	64 
2182	59 
2183	51 
2184	28 
2185	82 
2186	13 
2187	65 
2188	59 
2189	79 
2190	90 
2191	81 
2192	4 
2193	78 
2194	53 
2195	60 
2196	85 
2197	38 
2198	84 
2199	34 
2200	30 
2201	38 
2202	9 
2203	90 
2204	20 
2205	46 
2206	61 
2207	10 
2208	84 
2209	53 
2210	72 
2211	89 
2212	56 
2213	103 
2214	98 
2215	75 
2216	66 
2217	29 
2218	38 
2219	82 
2220	79 
2221	90 
2222	1 
2223	100 
2224	100 
2225	15 
2226	19 
2227	61 
2228	1 
2229	33 
2230	59 
2231	93 
2232	84 
2233	49 
2234	101 
2235	45 
2236	15 
2237	49 
2238	89 
2239	15 
2240	80 
2241	47 
2242	45 
2243	6 
2244	21 
2245	56 
2246	53 
2247	40 
2248	53 
2249	98 
2250	56 
2251	45 
2252	35 
2253	31 
2254	37 
2255	85 
2256	15 
2257	55 
2258	66 
2259	88 
2260	68 
2261	39 
2262	48 
2263	53 
2264	13 
2265	5 
2266	41 
2267	84 
2268	91 
2269	58 
2270	16 
2271	102 
2272	71 
2273	72 
2274	17 
2275	71 
2276	21 
2277	53 
2278	58 
2279	72 
2280	94 
2281	41 
2282	85 
2283	58 
2284	85 
2285	57 
2286	88 
2287	15 
2288	51 
2289	28 
2290	84 
2291	92 
2292	55 
2293	98 
2294	95 
2295	90 
2296	45 
2297	103 
2298	56 
2299	79 
2300	13 
2301	64 
2302	16 
2303	102 
2304	15 
2305	39 
2306	40 
2307	95 
2308	11 
2309	31 
2310	9 
2311	33 
2312	37 
2313	57 
2314	56 
2315	6 
2316	57 
2317	89 
2318	92 
2319	46 
2320	88 
2321	52 
2322	103 
2323	45 
2324	43 
2325	34 
2326	53 
2327	40 
2328	74 
2329	30 
2330	84 
2331	5 
2332	94 
2333	25 
2334	56 
2335	104 
2336	44 
2337	84 
2338	63 
2339	31 
2340	53 
2341	45 
2342	36 
2343	77 
2344	104 
2345	5 
2346	29 
2347	49 
2348	37 
2349	55 
2350	104 
2351	55 
2352	55 
2353	2 
2354	85 
2355	8 
2356	63 
2357	31 
2358	37 
2359	17 
2360	88 
2361	86 
2362	72 
2363	4 
2364	66 
2365	76 
2366	2 
2367	83 
2368	58 
2369	61 
2370	42 
2371	37 
2372	38 
2373	91 
2374	74 
2375	32 
2376	85 
2377	76 
2378	3 
2379	31 
2380	34 
2381	21 
2382	22 
2383	34 
2384	14 
2385	62 
2386	76 
2387	56 
2388	54 
2389	45 
2390	20 
2391	63 
2392	80 
2393	26 
2394	22 
2395	45 
2396	67 
2397	47 
2398	75 
2399	12 
2400	63 
2401	56 
2402	49 
2403	59 
2404	64 
2405	50 
2406	42 
2407	101 
2408	57 
2409	2 
2410	56 
2411	83 
2412	97 
2413	17 
2414	74 
2415	68 
2416	56 
2417	58 
2418	13 
2419	34 
2420	2 
2421	92 
2422	85 
2423	75 
2424	56 
2425	76 
2426	21 
2427	62 
2428	8 
2429	68 
2430	72 
2431	55 
2432	62 
2433	63 
2434	52 
2435	102 
2436	10 
2437	57 
2438	19 
2439	69 
2440	33 
2441	88 
2442	60 
2443	29 
2444	13 
2445	85 
2446	53 
2447	60 
2448	103 
2449	71 
2450	39 
2451	84 
2452	68 
2453	98 
2454	98 
2455	55 
2456	63 
2457	39 
2458	97 
2459	67 
2460	49 
2461	70 
2462	47 
2463	93 
2464	23 
2465	31 
2466	7 
2467	102 
2468	53 
2469	2 
2470	19 
2471	37 
2472	80 
2473	96 
2474	58 
2475	101 
2476	5 
2477	49 
2478	52 
2479	45 
2480	52 
2481	57 
2482	104 
2483	66 
2484	49 
2485	14 
2486	41 
2487	38 
2488	98 
2489	30 
2490	85 
2491	61 
2492	1 
2493	66 
2494	55 
2495	13 
2496	44 
2497	50 
2498	38 
2499	67 
2500	58 
2501	51 
2502	78 
2503	49 
2504	6 
2505	34 
2506	60 
2507	84 
2508	69 
2509	53 
2510	103 
2511	45 
2512	47 
2513	26 
2514	25 
2515	21 
2516	6 
2517	19 
2518	47 
2519	89 
2520	92 
2521	85 
2522	20 
2523	103 
2524	65 
2525	43 
2526	1 
2527	88 
2528	17 
2529	52 
2530	63 
2531	11 
2532	27 
2533	57 
2534	61 
2535	64 
2536	69 
2537	95 
2538	51 
2539	3 
2540	71 
2541	14 
2542	10 
2543	55 
2544	34 
2545	45 
2546	85 
2547	21 
2548	11 
2549	2 
2550	84 
2551	93 
2552	15 
2553	17 
2554	50 
2555	60 
2556	71 
2557	81 
2558	32 
2559	58 
2560	21 
2561	69 
2562	12 
2563	51 
2564	38 
2565	28 
2566	60 
2567	64 
2568	38 
2569	100 
2570	103 
2571	102 
2572	13 
2573	34 
2574	63 
2575	25 
2576	89 
2577	68 
2578	44 
2579	19 
2580	81 
2581	80 
2582	67 
2583	64 
2584	71 
2585	68 
2586	32 
2587	71 
2588	39 
2589	30 
2590	76 
2591	56 
2592	19 
2593	61 
2594	57 
2595	65 
2596	46 
2597	17 
2598	50 
2599	14 
2600	24 
2601	21 
2602	104 
2603	102 
2604	58 
2605	23 
2606	67 
2607	80 
2608	20 
2609	17 
2610	84 
2611	58 
2612	65 
2613	2 
2614	94 
2615	22 
2616	12 
2617	41 
2618	64 
2619	10 
2620	10 
2621	104 
2622	101 
2623	3 
2624	41 
2625	62 
2626	85 
2627	59 
2628	2 
2629	14 
2630	19 
2631	80 
2632	58 
2633	76 
2634	41 
2635	36 
2636	89 
2637	62 
2638	45 
2639	85 
2640	8 
2641	16 
2642	11 
2643	34 
2644	40 
2645	43 
2646	84 
2647	63 
2648	92 
2649	31 
2650	34 
2651	54 
2652	67 
2653	38 
2654	38 
2655	8 
2656	82 
2657	11 
2658	87 
2659	55 
2660	43 
2661	56 
2662	50 
2663	21 
2664	34 
2665	8 
2666	6 
2667	47 
2668	38 
2669	72 
2670	81 
2671	31 
2672	26 
2673	43 
2674	101 
2675	45 
2676	103 
2677	64 
2678	80 
2679	47 
2680	91 
2681	15 
2682	35 
2683	56 
2684	44 
2685	5 
2686	95 
2687	8 
2688	54 
2689	41 
2690	49 
2691	19 
2692	84 
2693	8 
2694	27 
2695	50 
2696	71 
2697	87 
2698	71 
2699	63 
2700	68 
2701	97 
2702	4 
2703	86 
2704	85 
2705	69 
2706	56 
2707	42 
2708	88 
2709	16 
2710	46 
2711	38 
2712	49 
2713	44 
2714	11 
2715	93 
2716	31 
2717	70 
2718	22 
2719	102 
2720	83 
2721	71 
2722	20 
2723	14 
2724	85 
2725	74 
2726	24 
2727	42 
2728	19 
2729	2 
2730	74 
2731	30 
2732	11 
2733	81 
2734	80 
2735	73 
2736	36 
2737	64 
2738	95 
2739	34 
2740	87 
2741	15 
2742	77 
2743	92 
2744	8 
2745	68 
2746	26 
2747	53 
2748	54 
2749	77 
2750	46 
2751	14 
2752	50 
2753	62 
2754	7 
2755	41 
2756	25 
2757	23 
2758	91 
2759	85 
2760	45 
2761	55 
2762	90 
2763	99 
2764	103 
2765	13 
2766	46 
2767	17 
2768	103 
2769	43 
2770	49 
2771	41 
2772	49 
2773	88 
2774	62 
2775	87 
2776	46 
2777	53 
2778	10 
2779	94 
2780	61 
2781	76 
2782	53 
2783	63 
2784	28 
2785	78 
2786	41 
2787	97 
2788	52 
2789	37 
2790	71 
2791	19 
2792	15 
2793	84 
2794	101 
2795	46 
2796	60 
2797	88 
2798	26 
2799	13 
2800	90 
2801	79 
2802	10 
2803	76 
2804	40 
2805	49 
2806	85 
2807	19 
2808	11 
2809	56 
2810	30 
2811	56 
2812	3 
2813	7 
2814	90 
2815	45 
2816	35 
2817	75 
2818	47 
2819	5 
2820	85 
2821	72 
2822	64 
2823	6 
2824	11 
2825	78 
2826	44 
2827	66 
2828	57 
2829	9 
2830	6 
2831	73 
2832	17 
2833	49 
2834	30 
2835	30 
2836	44 
2837	16 
2838	43 
2839	49 
2840	71 
2841	70 
2842	44 
2843	6 
2844	53 
2845	21 
2846	80 
2847	48 
2848	13 
2849	92 
2850	21 
2851	56 
2852	13 
2853	56 
2854	83 
2855	15 
2856	33 
2857	49 
2858	46 
2859	89 
2860	50 
2861	69 
2862	19 
2863	17 
2864	16 
2865	40 
2866	4 
2867	34 
2868	52 
2869	60 
2870	47 
2871	103 
2872	44 
2873	50 
2874	89 
2875	61 
2876	71 
2877	75 
2878	80 
2879	42 
2880	69 
2881	85 
2882	14 
2883	81 
2884	7 
2885	1 
2886	86 
2887	55 
2888	16 
2889	13 
2890	52 
2891	31 
2892	90 
2893	25 
2894	64 
2895	34 
2896	55 
2897	98 
2898	27 
2899	98 
2900	93 
2901	22 
2902	43 
2903	7 
2904	55 
2905	45 
2906	55 
2907	35 
2908	88 
2909	71 
2910	59 
2911	79 
2912	90 
2913	47 
2914	45 
2915	28 
2916	18 
2917	89 
2918	35 
2919	37 
2920	36 
2921	98 
2922	57 
2923	34 
2924	61 
2925	35 
2926	3 
2927	95 
2928	14 
2929	59 
2930	35 
2931	92 
2932	3 
2933	49 
2934	19 
2935	77 
2936	21 
2937	53 
2938	24 
2939	88 
2940	61 
2941	73 
2942	42 
2943	2 
2944	45 
2945	6 
2946	11 
2947	90 
2948	61 
2949	80 
2950	78 
2951	55 
2952	50 
2953	66 
2954	91 
2955	18 
2956	8 
2957	59 
2958	53 
2959	43 
2960	56 
2961	67 
2962	2 
2963	75 
2964	46 
2965	81 
2966	2 
2967	33 
2968	28 
2969	20 
2970	82 
2971	18 
2972	72 
2973	89 
2974	84 
2975	5 
2976	38 
2977	54 
2978	13 
2979	41 
2980	16 
2981	49 
2982	70 
2983	96 
2984	36 
2985	55 
2986	103 
2987	2 
2988	102 
2989	89 
2990	96 
2991	1 
2992	31 
2993	90 
2994	86 
2995	55 
2996	21 
2997	21 
2998	46 
2999	84 
3000	53 
3001	44 
3002	98 
3003	88 
3004	33 
3005	38 
3006	3 
3007	80 
3008	25 
3009	71 
3010	50 
3011	96 
3012	45 
3013	69 
3014	55 
3015	88 
3016	22 
3017	98 
3018	78 
3019	60 
3020	61 
3021	22 
3022	92 
3023	103 
3024	63 
3025	91 
3026	69 
3027	5 
3028	57 
3029	41 
3030	87 
3031	67 
3032	53 
3033	71 
3034	11 
3035	38 
3036	61 
3037	13 
3038	53 
3039	11 
3040	16 
3041	65 
3042	4 
3043	13 
3044	42 
3045	28 
3046	21 
3047	97 
3048	16 
3049	12 
3050	7 
3051	29 
3052	87 
3053	21 
3054	97 
3055	86 
3056	82 
3057	24 
3058	69 
3059	55 
3060	15 
3061	30 
3062	38 
3063	33 
3064	71 
3065	72 
3066	83 
3067	21 
3068	49 
3069	38 
3070	91 
3071	21 
3072	49 
3073	98 
3074	85 
3075	5 
3076	81 
3077	86 
3078	92 
3079	73 
3080	70 
3081	46 
3082	72 
3083	4 
3084	15 
3085	90 
3086	21 
3087	102 
3088	13 
3089	53 
3090	104 
3091	15 
3092	16 
3093	36 
3094	23 
3095	37 
3096	78 
3097	38 
3098	53 
3099	61 
3100	97 
3101	67 
3102	78 
3103	18 
3104	31 
3105	30 
3106	24 
3107	46 
3108	39 
3109	18 
3110	53 
3111	56 
3112	44 
3113	35 
3114	99 
3115	52 
3116	18 
3117	23 
3118	46 
3119	63 
3120	12 
3121	2 
3122	64 
3123	36 
3124	72 
3125	18 
3126	85 
3127	38 
3128	89 
3129	50 
3130	28 
3131	50 
3132	74 
3133	97 
3134	59 
3135	21 
3136	49 
3137	65 
3138	91 
3139	102 
3140	21 
3141	84 
3142	95 
3143	66 
3144	29 
3145	57 
3146	30 
3147	86 
3148	92 
3149	33 
3150	59 
3151	49 
3152	52 
3153	43 
3154	53 
3155	55 
3156	93 
3157	83 
3158	51 
3159	76 
3160	92 
3161	4 
3162	71 
3163	53 
3164	85 
3165	18 
3166	64 
3167	21 
3168	73 
3169	85 
3170	49 
3171	13 
3172	22 
3173	94 
3174	14 
3175	36 
3176	16 
3177	101 
3178	39 
3179	19 
3180	99 
3181	69 
3182	97 
3183	45 
3184	59 
3185	99 
3186	30 
3187	38 
3188	12 
3189	19 
3190	89 
3191	63 
3192	15 
3193	70 
3194	30 
3195	9 
3196	6 
3197	46 
3198	75 
3199	21 
3200	31 
3201	103 
3202	101 
3203	91 
3204	85 
3205	93 
3206	88 
3207	97 
3208	77 
3209	56 
3210	80 
3211	50 
3212	7 
3213	42 
3214	71 
3215	84 
3216	41 
3217	15 
3218	55 
3219	90 
3220	35 
3221	39 
3222	78 
3223	15 
3224	70 
3225	103 
3226	62 
3227	43 
3228	20 
3229	75 
3230	1 
3231	59 
3232	11 
3233	55 
3234	69 
3235	64 
3236	2 
3237	81 
3238	99 
3239	55 
3240	79 
3241	84 
3242	4 
3243	71 
3244	30 
3245	99 
3246	39 
3247	3 
3248	87 
3249	28 
3250	85 
3251	50 
3252	99 
3253	104 
3254	64 
3255	103 
3256	79 
3257	18 
3258	80 
3259	90 
3260	56 
3261	50 
3262	73 
3263	79 
3264	95 
3265	26 
3266	100 
3267	104 
3268	16 
3269	50 
3270	52 
3271	45 
3272	73 
3273	52 
3274	60 
3275	43 
3276	11 
3277	38 
3278	66 
3279	55 
3280	85 
3281	3 
3282	86 
3283	75 
3284	71 
3285	72 
3286	69 
3287	85 
3288	18 
3289	52 
3290	71 
3291	31 
3292	83 
3293	102 
3294	57 
3295	3 
3296	53 
3297	42 
3298	30 
3299	44 
3300	16 
3301	72 
3302	14 
3303	95 
3304	84 
3305	4 
3306	76 
3307	45 
3308	38 
3309	53 
3310	40 
3311	38 
3312	84 
3313	22 
3314	4 
3315	4 
3316	50 
3317	74 
3318	44 
3319	56 
3320	55 
3321	38 
3322	71 
3323	16 
3324	31 
3325	78 
3326	103 
3327	103 
3328	73 
3329	43 
3330	101 
3331	49 
3332	38 
3333	55 
3334	60 
3335	80 
3336	58 
3337	66 
3338	49 
3339	84 
3340	19 
3341	88 
3342	5 
3343	65 
3344	6 
3345	12 
3346	72 
3347	37 
3348	15 
3349	13 
3350	42 
3351	79 
3352	18 
3353	46 
3354	15 
3355	2 
3356	33 
3357	3 
3358	64 
3359	3 
3360	45 
3361	69 
3362	30 
3363	55 
3364	10 
3365	77 
3366	15 
3367	67 
3368	44 
3369	16 
3370	44 
3371	21 
3372	83 
3373	98 
3374	14 
3375	7 
3376	88 
3377	11 
3378	76 
3379	31 
3380	95 
3381	87 
3382	40 
3383	72 
3384	77 
3385	56 
3386	71 
3387	103 
3388	7 
3389	17 
3390	51 
3391	31 
3392	31 
3393	75 
3394	32 
3395	87 
3396	56 
3397	21 
3398	40 
3399	4 
3400	69 
3401	70 
3402	95 
3403	91 
3404	89 
3405	88 
3406	93 
3407	17 
3408	4 
3409	1 
3410	21 
3411	31 
3412	9 
3413	103 
3414	66 
3415	58 
3416	61 
3417	84 
3418	46 
3419	34 
3420	9 
3421	47 
3422	4 
3423	28 
3424	53 
3425	15 
3426	2 
3427	89 
3428	61 
3429	2 
3430	38 
3431	15 
3432	9 
3433	13 
3434	67 
3435	92 
3436	43 
3437	64 
3438	18 
3439	85 
3440	51 
3441	71 
3442	83 
3443	31 
3444	88 
3445	67 
3446	76 
3447	46 
3448	6 
3449	18 
3450	8 
3451	59 
3452	38 
3453	71 
3454	50 
3455	93 
3456	46 
3457	50 
3458	74 
3459	74 
3460	20 
3461	15 
3462	69 
3463	31 
3464	60 
3465	46 
3466	46 
3467	38 
3468	20 
3469	58 
3470	95 
3471	27 
3472	54 
3473	28 
3474	62 
3475	100 
3476	95 
3477	30 
3478	15 
3479	22 
3480	78 
3481	17 
3482	87 
3483	44 
3484	23 
3485	56 
3486	2 
3487	103 
3488	72 
3489	89 
3490	35 
3491	13 
3492	83 
3493	103 
3494	60 
3495	102 
3496	59 
3497	19 
3498	50 
3499	27 
3500	103 
3501	11 
3502	52 
3503	61 
3504	92 
3505	15 
3506	98 
3507	36 
3508	96 
3509	61 
3510	103 
3511	50 
3512	84 
3513	72 
3514	32 
3515	88 
3516	89 
3517	45 
3518	64 
3519	7 
3520	101 
3521	10 
3522	45 
3523	89 
3524	3 
3525	29 
3526	7 
3527	54 
3528	77 
3529	6 
3530	71 
3531	92 
3532	70 
3533	61 
3534	50 
3535	7 
3536	84 
3537	66 
3538	79 
3539	104 
3540	104 
3541	87 
3542	41 
3543	4 
3544	7 
3545	5 
3546	45 
3547	53 
3548	60 
3549	73 
3550	100 
3551	38 
3552	30 
3553	104 
3554	45 
3555	84 
3556	45 
3557	47 
3558	14 
3559	55 
3560	50 
3561	32 
3562	82 
3563	16 
3564	30 
3565	66 
3566	66 
3567	40 
3568	19 
3569	26 
3570	23 
3571	84 
3572	38 
3573	75 
3574	90 
3575	28 
3576	75 
3577	9 
3578	83 
3579	93 
3580	1 
3581	30 
3582	45 
3583	69 
3584	17 
3585	88 
3586	69 
3587	45 
3588	41 
3589	55 
3590	85 
3591	85 
3592	44 
3593	46 
3594	80 
3595	25 
3596	80 
3597	65 
3598	48 
3599	34 
3600	23 
3601	38 
3602	15 
3603	58 
3604	74 
3605	46 
3606	43 
3607	68 
3608	95 
3609	62 
3610	18 
3611	78 
3612	17 
3613	66 
3614	11 
3615	82 
3616	35 
3617	17 
3618	19 
3619	17 
3620	41 
3621	59 
3622	53 
3623	70 
3624	89 
3625	102 
3626	59 
3627	61 
3628	87 
3629	85 
3630	31 
3631	70 
3632	19 
3633	38 
3634	14 
3635	24 
3636	63 
3637	99 
3638	90 
3639	22 
3640	55 
3641	15 
3642	13 
3643	13 
3644	49 
3645	69 
3646	89 
3647	53 
3648	103 
3649	60 
3650	85 
3651	94 
3652	66 
3653	54 
3654	85 
3655	8 
3656	40 
3657	34 
3658	11 
3659	55 
3660	46 
3661	65 
3662	66 
3663	64 
3664	88 
3665	50 
3666	8 
3667	88 
3668	56 
3669	84 
3670	66 
3671	53 
3672	64 
3673	34 
3674	18 
3675	63 
3676	38 
3677	37 
3678	61 
3679	8 
3680	56 
3681	81 
3682	68 
3683	33 
3684	2 
3685	84 
3686	55 
3687	28 
3688	60 
3689	94 
3690	21 
3691	13 
3692	57 
3693	50 
3694	19 
3695	50 
3696	101 
3697	67 
3698	19 
3699	45 
3700	71 
3701	8 
3702	83 
3703	91 
3704	59 
3705	5 
3706	89 
3707	74 
3708	82 
3709	18 
3710	22 
3711	4 
3712	63 
3713	88 
3714	61 
3715	32 
3716	104 
3717	10 
3718	100 
3719	45 
3720	102 
3721	97 
3722	92 
3723	1 
3724	76 
3725	81 
3726	2 
3727	5 
3728	7 
3729	84 
3730	100 
3731	30 
3732	21 
3733	74 
3734	90 
3735	93 
3736	16 
3737	14 
3738	45 
3739	47 
3740	35 
3741	99 
3742	28 
3743	33 
3744	43 
3745	59 
3746	85 
3747	46 
3748	42 
3749	27 
3750	76 
3751	87 
3752	58 
3753	70 
3754	85 
3755	21 
3756	41 
3757	101 
3758	90 
3759	98 
3760	96 
3761	93 
3762	10 
3763	103 
3764	8 
3765	61 
3766	57 
3767	10 
3768	21 
3769	33 
3770	51 
3771	31 
3772	14 
3773	66 
3774	88 
3775	63 
3776	92 
3777	16 
3778	65 
3779	43 
3780	69 
3781	42 
3782	75 
3783	31 
3784	13 
3785	34 
3786	85 
3787	56 
3788	84 
3789	33 
3790	10 
3791	57 
3792	43 
3793	64 
3794	41 
3795	79 
3796	45 
3797	79 
3798	75 
3799	69 
3800	58 
3801	11 
3802	69 
3803	30 
3804	50 
3805	83 
3806	15 
3807	45 
3808	77 
3809	45 
3810	104 
3811	17 
3812	65 
3813	17 
3814	79 
3815	60 
3816	84 
3817	69 
3818	5 
3819	74 
3820	42 
3821	13 
3822	35 
3823	34 
3824	61 
3825	16 
3826	36 
3827	104 
3828	77 
3829	51 
3830	16 
3831	26 
3832	58 
3833	1 
3834	55 
3835	64 
3836	84 
3837	38 
3838	64 
3839	14 
3840	64 
3841	3 
3842	91 
3843	66 
3844	26 
3845	69 
3846	80 
3847	27 
3848	62 
3849	65 
3850	50 
3851	22 
3852	44 
3853	82 
3854	48 
3855	45 
3856	1 
3857	8 
3858	1 
3859	28 
3860	74 
3861	38 
3862	71 
3863	30 
3864	13 
3865	49 
3866	63 
3867	46 
3868	35 
3869	17 
3870	81 
3871	17 
3872	69 
3873	52 
3874	38 
3875	80 
3876	100 
3877	56 
3878	43 
3879	71 
3880	89 
3881	42 
3882	10 
3883	28 
3884	102 
3885	58 
3886	42 
3887	14 
3888	90 
3889	43 
3890	4 
3891	60 
3892	19 
3893	8 
3894	3 
3895	69 
3896	82 
3897	56 
3898	21 
3899	68 
3900	90 
3901	46 
3902	84 
3903	8 
3904	39 
3905	35 
3906	58 
3907	97 
3908	87 
3909	75 
3910	103 
3911	85 
3912	8 
3913	54 
3914	9 
3915	13 
3916	58 
3917	46 
3918	52 
3919	23 
3920	76 
3921	56 
3922	10 
3923	52 
3924	69 
3925	44 
3926	47 
3927	76 
3928	45 
3929	17 
3930	41 
3931	23 
3932	31 
3933	41 
3934	52 
3935	34 
3936	12 
3937	18 
3938	67 
3939	102 
3940	19 
3941	84 
3942	16 
3943	53 
3944	61 
3945	28 
3946	38 
3947	1 
3948	38 
3949	16 
3950	41 
3951	84 
3952	15 
3953	71 
3954	61 
3955	63 
3956	38 
3957	74 
3958	21 
3959	62 
3960	44 
3961	71 
3962	69 
3963	31 
3964	80 
3965	85 
3966	4 
3967	38 
3968	102 
3969	15 
3970	50 
3971	45 
3972	83 
3973	66 
3974	90 
3975	96 
3976	26 
3977	82 
3978	34 
3979	73 
3980	12 
3981	17 
3982	38 
3983	66 
3984	13 
3985	53 
3986	102 
3987	37 
3988	58 
3989	78 
3990	55 
3991	34 
3992	41 
3993	52 
3994	80 
3995	13 
3996	12 
3997	96 
3998	23 
3999	3 
4000	84 
4001	21 
4002	85 
4003	102 
4004	43 
4005	58 
4006	51 
4007	64 
4008	79 
4009	13 
4010	26 
4011	34 
4012	101 
4013	83 
4014	33 
4015	45 
4016	53 
4017	11 
4018	71 
4019	48 
4020	57 
4021	90 
4022	47 
4023	75 
4024	98 
4025	30 
4026	50 
4027	3 
4028	45 
4029	45 
4030	59 
4031	16 
4032	58 
4033	6 
4034	92 
4035	19 
4036	85 
4037	21 
4038	43 
4039	26 
4040	91 
4041	85 
4042	66 
4043	84 
4044	48 
4045	3 
4046	88 
4047	48 
4048	68 
4049	91 
4050	7 
4051	14 
4052	30 
4053	71 
4054	45 
4055	63 
4056	54 
4057	30 
4058	58 
4059	88 
4060	87 
4061	11 
4062	19 
4063	43 
4064	85 
4065	19 
4066	39 
4067	16 
4068	73 
4069	34 
4070	103 
4071	1 
4072	5 
4073	32 
4074	82 
4075	21 
4076	89 
4077	53 
4078	19 
4079	58 
4080	46 
4081	53 
4082	59 
4083	57 
4084	32 
4085	72 
4086	69 
4087	69 
4088	12 
4089	57 
4090	49 
4091	46 
4092	19 
4093	18 
4094	49 
4095	88 
4096	80 
4097	35 
4098	38 
4099	53 
4100	90 
4101	65 
4102	28 
4103	8 
4104	67 
4105	47 
4106	86 
4107	47 
4108	66 
4109	19 
4110	21 
4111	41 
4112	58 
4113	30 
4114	19 
4115	30 
4116	60 
4117	82 
4118	75 
4119	85 
4120	45 
4121	49 
4122	73 
4123	55 
4124	55 
4125	102 
4126	39 
4127	56 
4128	32 
4129	19 
4130	9 
4131	35 
4132	72 
4133	67 
4134	53 
4135	90 
4136	76 
4137	72 
4138	37 
4139	37 
4140	84 
4141	102 
4142	102 
4143	97 
4144	88 
4145	60 
4146	28 
4147	17 
4148	60 
4149	17 
4150	17 
4151	1 
4152	11 
4153	68 
4154	101 
4155	53 
4156	47 
4157	21 
4158	66 
4159	82 
4160	71 
4161	55 
4162	14 
4163	90 
4164	56 
4165	50 
4166	51 
4167	5 
4168	46 
4169	59 
4170	49 
4171	77 
4172	31 
4173	56 
4174	68 
4175	102 
4176	32 
4177	47 
4178	58 
4179	69 
4180	56 
4181	30 
4182	76 
4183	102 
4184	49 
4185	61 
4186	18 
4187	11 
4188	12 
4189	90 
4190	30 
4191	48 
4192	78 
4193	45 
4194	15 
4195	90 
4196	86 
4197	11 
4198	98 
4199	81 
4200	58 
4201	46 
4202	84 
4203	33 
4204	82 
4205	97 
4206	103 
4207	18 
4208	35 
4209	5 
4210	56 
4211	71 
4212	21 
4213	59 
4214	41 
4215	32 
4216	103 
4217	63 
4218	101 
4219	84 
4220	7 
4221	32 
4222	67 
4223	10 
4224	57 
4225	92 
4226	103 
4227	5 
4228	52 
4229	35 
4230	72 
4231	76 
4232	59 
4233	66 
4234	26 
4235	102 
4236	11 
4237	86 
4238	38 
4239	43 
4240	93 
4241	95 
4242	37 
4243	90 
4244	79 
4245	5 
4246	58 
4247	80 
4248	53 
4249	47 
4250	84 
4251	84 
4252	46 
4253	38 
4254	32 
4255	56 
4256	70 
4257	55 
4258	101 
4259	83 
4260	93 
4261	43 
4262	34 
4263	60 
4264	19 
4265	53 
4266	74 
4267	15 
4268	6 
4269	19 
4270	80 
4271	53 
4272	53 
4273	71 
4274	30 
4275	62 
4276	91 
4277	7 
4278	2 
4279	84 
4280	17 
4281	31 
4282	17 
4283	98 
4284	21 
4285	67 
4286	33 
4287	18 
4288	13 
4289	45 
4290	21 
4291	59 
4292	75 
4293	49 
4294	17 
4295	82 
4296	84 
4297	41 
4298	14 
4299	66 
4300	7 
4301	64 
4302	101 
4303	5 
4304	81 
4305	97 
4306	48 
4307	58 
4308	21 
4309	104 
4310	83 
4311	43 
4312	80 
4313	85 
4314	98 
4315	54 
4316	9 
4317	59 
4318	90 
4319	84 
4320	15 
4321	47 
4322	45 
4323	23 
4324	50 
4325	13 
4326	81 
4327	13 
4328	34 
4329	19 
4330	60 
4331	50 
4332	10 
4333	30 
4334	6 
4335	78 
4336	6 
4337	19 
4338	80 
4339	50 
4340	37 
4341	45 
4342	80 
4343	67 
4344	74 
4345	28 
4346	104 
4347	85 
4348	85 
4349	85 
4350	83 
4351	91 
4352	68 
4353	38 
4354	41 
4355	31 
4356	21 
4357	66 
4358	32 
4359	10 
4360	11 
4361	53 
4362	6 
4363	55 
4364	45 
4365	39 
4366	44 
4367	16 
4368	85 
4369	60 
4370	16 
4371	84 
4372	17 
4373	10 
4374	31 
4375	101 
4376	41 
4377	30 
4378	38 
4379	15 
4380	75 
4381	14 
4382	47 
4383	31 
4384	44 
4385	39 
4386	14 
4387	85 
4388	63 
4389	84 
4390	64 
4391	69 
4392	72 
4393	21 
4394	102 
4395	30 
4396	47 
4397	104 
4398	85 
4399	16 
4400	41 
4401	93 
4402	78 
4403	14 
4404	14 
4405	90 
4406	82 
4407	82 
4408	57 
4409	15 
4410	78 
4411	19 
4412	79 
4413	41 
4414	50 
4415	58 
4416	80 
4417	56 
4418	21 
4419	16 
4420	11 
4421	38 
4422	43 
4423	2 
4424	15 
4425	35 
4426	31 
4427	53 
4428	75 
4429	16 
4430	32 
4431	45 
4432	55 
4433	15 
4434	56 
4435	85 
4436	79 
4437	66 
4438	49 
4439	15 
4440	46 
4441	21 
4442	35 
4443	30 
4444	14 
4445	82 
4446	28 
4447	71 
4448	48 
4449	46 
4450	84 
4451	34 
4452	69 
4453	38 
4454	104 
4455	45 
4456	49 
4457	7 
4458	76 
4459	38 
4460	34 
4461	13 
4462	53 
4463	38 
4464	51 
4465	16 
4466	30 
4467	32 
4468	74 
4469	90 
4470	21 
4471	72 
4472	95 
4473	14 
4474	15 
4475	47 
4476	43 
4477	30 
4478	75 
4479	51 
4480	82 
4481	55 
4482	79 
4483	6 
4484	83 
4485	33 
4486	31 
4487	80 
4488	53 
4489	79 
4490	64 
4491	17 
4492	83 
4493	49 
4494	91 
4495	34 
4496	75 
4497	61 
4498	88 
4499	31 
4500	88 
4501	72 
4502	34 
4503	50 
4504	37 
4505	79 
4506	102 
4507	68 
4508	66 
4509	9 
4510	5 
4511	33 
4512	39 
4513	41 
4514	21 
4515	19 
4516	11 
4517	3 
4518	3 
4519	79 
4520	34 
4521	56 
4522	69 
4523	38 
4524	50 
4525	6 
4526	103 
4527	84 
4528	30 
4529	75 
4530	31 
4531	52 
4532	19 
4533	35 
4534	34 
4535	93 
4536	75 
4537	39 
4538	97 
4539	74 
4540	53 
4541	85 
4542	41 
4543	75 
4544	9 
4545	85 
4546	59 
4547	53 
4548	69 
4549	48 
4550	34 
4551	69 
4552	80 
4553	64 
4554	41 
4555	34 
4556	51 
4557	53 
4558	81 
4559	19 
4560	5 
4561	60 
4562	33 
4563	28 
4564	41 
4565	51 
4566	4 
4567	16 
4568	14 
4569	78 
4570	104 
4571	101 
4572	64 
4573	98 
4574	43 
4575	75 
4576	80 
4577	84 
4578	53 
4579	63 
4580	14 
4581	82 
4582	59 
4583	19 
4584	82 
4585	104 
4586	13 
4587	92 
4588	88 
4589	5 
4590	13 
4591	85 
4592	80 
4593	102 
4594	76 
4595	19 
4596	57 
4597	84 
4598	46 
4599	11 
4600	49 
4601	82 
4602	71 
4603	43 
4604	16 
4605	98 
4606	85 
4607	84 
4608	30 
4609	91 
4610	30 
4611	28 
4612	50 
4613	50 
4614	82 
4615	49 
4616	30 
4617	33 
4618	15 
4619	46 
4620	80 
4621	16 
4622	90 
4623	58 
4624	15 
4625	14 
4626	5 
4627	19 
4628	11 
4629	28 
4630	53 
4631	61 
4632	80 
4633	55 
4634	63 
4635	15 
4636	35 
4637	18 
4638	18 
4639	64 
4640	66 
4641	90 
4642	17 
4643	28 
4644	97 
4645	46 
4646	45 
4647	38 
4648	72 
4649	7 
4650	64 
4651	8 
4652	44 
4653	19 
4654	16 
4655	69 
4656	85 
4657	31 
4658	19 
4659	79 
4660	61 
4661	15 
4662	52 
4663	28 
4664	33 
4665	31 
4666	44 
4667	46 
4668	21 
4669	81 
4670	19 
4671	57 
4672	76 
4673	89 
4674	61 
4675	79 
4676	102 
4677	28 
4678	57 
4679	49 
4680	53 
4681	7 
4682	76 
4683	84 
4684	71 
4685	104 
4686	15 
4687	90 
4688	71 
4689	30 
4690	3 
4691	88 
4692	103 
4693	82 
4694	52 
4695	15 
4696	58 
4697	46 
4698	43 
4699	7 
4700	60 
4701	31 
4702	79 
4703	55 
4704	56 
4705	61 
4706	18 
4707	104 
4708	53 
4709	30 
4710	63 
4711	75 
4712	58 
4713	71 
4714	102 
4715	17 
4716	64 
4717	57 
4718	34 
4719	61 
4720	98 
4721	60 
4722	21 
4723	75 
4724	43 
4725	92 
4726	53 
4727	34 
4728	82 
4729	15 
4730	64 
4731	41 
4732	101 
4733	64 
4734	31 
4735	102 
4736	89 
4737	102 
4738	103 
4739	19 
4740	51 
4741	84 
4742	13 
4743	44 
4744	74 
4745	45 
4746	52 
4747	60 
4748	67 
4749	15 
4750	15 
4751	71 
4752	88 
4753	13 
4754	89 
4755	90 
4756	38 
4757	30 
4758	60 
4759	61 
4760	55 
4761	101 
4762	13 
4763	11 
4764	101 
4765	98 
4766	6 
4767	43 
4768	60 
4769	92 
4770	41 
4771	72 
4772	41 
4773	31 
4774	56 
4775	3 
4776	43 
4777	79 
4778	60 
4779	74 
4780	89 
4781	53 
4782	66 
4783	60 
4784	64 
4785	15 
4786	14 
4787	30 
4788	41 
4789	41 
4790	34 
4791	80 
4792	101 
4793	21 
4794	61 
4795	15 
4796	28 
4797	45 
4798	30 
4799	60 
4800	53 
4801	53 
4802	102 
4803	50 
4804	63 
4805	82 
4806	81 
4807	69 
4808	75 
4809	58 
4810	50 
4811	15 
4812	14 
4813	61 
4814	14 
4815	90 
4816	80 
4817	71 
4818	74 
4819	83 
4820	58 
4821	64 
4822	46 
4823	17 
4824	17 
4825	35 
4826	30 
4827	55 
4828	31 
4829	104 
4830	6 
4831	13 
4832	32 
4833	31 
4834	19 
4835	17 
4836	21 
4837	56 
4838	38 
4839	44 
4840	61 
4841	30 
4842	72 
4843	84 
4844	35 
4845	2 
4846	52 
4847	103 
4848	50 
4849	80 
4850	71 
4851	75 
4852	41 
4853	82 
4854	38 
4855	64 
4856	34 
4857	66 
4858	49 
4859	19 
4860	53 
4861	41 
4862	69 
4863	84 
4864	16 
4865	57 
4866	83 
4867	66 
4868	14 
4869	81 
4870	59 
4871	7 
4872	63 
4873	11 
4874	31 
4875	44 
4876	51 
4877	53 
4878	45 
4879	63 
4880	38 
4881	30 
4882	41 
4883	57 
4884	14 
4885	52 
4886	49 
4887	13 
4888	72 
4889	58 
4890	60 
4891	18 
4892	15 
4893	66 
4894	71 
4895	102 
4896	51 
4897	64 
4898	89 
4899	31 
4900	30 
4901	11 
4902	6 
4903	19 
4904	33 
4905	103 
4906	5 
4907	17 
4908	15 
4909	34 
4910	55 
4911	45 
4912	30 
4913	33 
4914	31 
4915	34 
4916	41 
4917	53 
4918	83 
4919	33 
4920	102 
4921	75 
4922	74 
4923	45 
4924	21 
4925	72 
4926	58 
4927	75 
4928	71 
4929	13 
4930	104 
4931	53 
4932	38 
4933	80 
4934	102 
4935	21 
4936	15 
4937	13 
4938	49 
4939	102 
4940	19 
4941	46 
4942	33 
4943	35 
4944	72 
4945	13 
4946	50 
4947	55 
4948	43 
4949	28 
4950	88 
4951	56 
4952	15 
4953	6 
4954	76 
4955	66 
4956	33 
4957	15 
4958	11 
4959	19 
4960	18 
4961	55 
4962	18 
4963	35 
4964	38 
4965	64 
4966	84 
4967	59 
4968	50 
4969	84 
4970	90 
4971	85 
4972	38 
4973	15 
4974	16 
4975	21 
4976	75 
4977	7 
4978	34 
4979	64 
4980	15 
4981	30 
4982	57 
4983	66 
4984	83 
4985	64 
4986	17 
4987	17 
4988	82 
4989	43 
4990	34 
4991	43 
4992	89 
4993	34 
4994	82 
4995	102 
4996	14 
4997	71 
4998	19 
4999	69 
5000	90 
